 1.00000000e+08  2.07528615e-02 
 1.02330354e+08  2.07877901e-02 
 1.04715014e+08  2.08068077e-02 
 1.07155245e+08  2.08075780e-02 
 1.09652342e+08  2.07876868e-02 
 1.12207630e+08  2.07446956e-02 
 1.14822466e+08  2.06762082e-02 
 1.17498236e+08  2.05799501e-02 
 1.20236362e+08  2.04538577e-02 
 1.23038295e+08  2.02961755e-02 
 1.25905523e+08  2.01055529e-02 
 1.28839568e+08  1.98811367e-02 
 1.31841987e+08  1.96226499e-02 
 1.34914372e+08  1.93304507e-02 
 1.38058355e+08  1.90055639e-02 
 1.41275604e+08  1.86496802e-02 
 1.44567827e+08  1.82651229e-02 
 1.47936769e+08  1.78547815e-02 
 1.51384220e+08  1.74220175e-02 
 1.54912009e+08  1.69705498e-02 
 1.58522008e+08  1.65043284e-02 
 1.62216133e+08  1.60274047e-02 
 1.65996343e+08  1.55438088e-02 
 1.69864646e+08  1.50574390e-02 
 1.73823095e+08  1.45719706e-02 
 1.77873789e+08  1.40907848e-02 
 1.82018879e+08  1.36169195e-02 
 1.86260564e+08  1.31530400e-02 
 1.90601095e+08  1.27014282e-02 
 1.95042776e+08  1.22639851e-02 
 1.99587964e+08  1.18422452e-02 
 2.04239071e+08  1.14373971e-02 
 2.08998565e+08  1.10503096e-02 
 2.13868972e+08  1.06815564e-02 
 2.18852877e+08  1.03314415e-02 
 2.23952925e+08  1.00000183e-02 
 2.29171822e+08  9.68710437e-03 
 2.34512337e+08  9.39228670e-03 
 2.39977306e+08  9.11492243e-03 
 2.45569627e+08  8.85414418e-03 
 2.51292270e+08  8.60892468e-03 
 2.57148271e+08  8.37842526e-03 
 2.63140737e+08  8.16366621e-03 
 2.69272848e+08  7.97629991e-03 
 2.75547860e+08  7.89943525e-03 
 2.81969102e+08  8.84265159e-03 
 2.88539981e+08  1.93892082e-02 
 2.95263985e+08  1.02951206e-02 
 3.02144683e+08  8.80065313e-03 
 3.09185725e+08  8.29735327e-03 
 3.16390848e+08  8.04488401e-03 
 3.23763876e+08  7.89588367e-03 
 3.31308722e+08  7.80442787e-03 
 3.39029389e+08  7.75263962e-03 
 3.46929975e+08  7.73327904e-03 
 3.55014673e+08  7.74477587e-03 
 3.63287773e+08  7.79068467e-03 
 3.71753666e+08  7.88335960e-03 
 3.80416844e+08  8.06127897e-03 
 3.89281904e+08  8.50907640e-03 
 3.98353552e+08  1.23754350e-02 
 4.07636602e+08  8.73023811e-03 
 4.17135980e+08  1.01569645e-02 
 4.26856726e+08  1.94781545e-02 
 4.36804001e+08  9.27734706e-03 
 4.46983082e+08  8.64876560e-03 
 4.57399372e+08  1.15279900e-02 
 4.68058398e+08  8.50417810e-03 
 4.78965818e+08  8.37599428e-03 
 4.90127419e+08  8.52654352e-03 
 5.01549125e+08  8.76059657e-03 
 5.13236997e+08  9.06459626e-03 
 5.25197238e+08  9.47756832e-03 
 5.37436195e+08  1.02228072e-02 
 5.49960363e+08  1.20627555e-02 
 5.62776388e+08  1.01119929e-02 
 5.75891073e+08  1.12538718e-02 
 5.89311376e+08  1.12749569e-02 
 6.03044419e+08  1.29207395e-02 
 6.17097492e+08  1.76448458e-02 
 6.31478050e+08  1.44625520e-02 
 6.46193727e+08  2.00996573e-02 
 6.61252331e+08  1.47922231e-02 
 6.76661854e+08  2.21781117e-02 
 6.92430473e+08  1.83446549e-02 
 7.08566557e+08  1.31920212e-02 
 7.25078669e+08  1.66543720e-02 
 7.41975572e+08  1.08165527e-02 
 7.59266232e+08  1.02142701e-02 
 7.76959826e+08  1.70682769e-02 
 7.95065744e+08  1.06973613e-02 
 8.13593593e+08  8.91698901e-03 
 8.32553207e+08  1.03252444e-02 
 8.51954648e+08  1.12723436e-02 
 8.71808210e+08  1.29433457e-02 
 8.92124431e+08  1.49235922e-02 
 9.12914092e+08  1.37553423e-02 
 9.34188226e+08  1.84509977e-02 
 9.55958123e+08  1.28604432e-02 
 9.78235335e+08  8.09829705e-03 
 1.00103169e+09  1.46201571e-02 
 1.02435927e+09  1.57381894e-02 
 1.04823047e+09  1.36488708e-02 
 1.07265796e+09  1.71150511e-02 
 1.09765469e+09  1.81058755e-02 
 1.12323393e+09  1.28245386e-02 
 1.14940927e+09  1.28726936e-02 
 1.17619457e+09  1.32015179e-02 
 1.20360408e+09  1.55193226e-02 
 1.23165232e+09  1.77712238e-02 
 1.26035418e+09  1.87733206e-02 
 1.28972490e+09  1.16471745e-02 
 1.31978006e+09  1.86715557e-02 
 1.35053561e+09  1.16130694e-02 
 1.38200788e+09  1.38226872e-02 
 1.41421356e+09  1.55768599e-02 
 1.44716975e+09  1.70382198e-02 
 1.48089393e+09  1.76789486e-02 
 1.51540401e+09  1.73754084e-02 
 1.55071830e+09  1.82738387e-02 
 1.58685553e+09  2.01711798e-02 
 1.62383489e+09  2.13806263e-02 
 1.66167599e+09  2.12240870e-02 
 1.70039893e+09  2.46589642e-02 
 1.74002425e+09  2.71002664e-02 
 1.78057299e+09  2.85039579e-02 
 1.82206665e+09  3.11452886e-02 
 1.86452726e+09  1.64083710e-02 
 1.90797735e+09  2.05302979e-02 
 1.95243999e+09  2.27492050e-02 
 1.99793876e+09  2.03702025e-02 
 2.04449781e+09  2.13428000e-02 
 2.09214185e+09  2.40480960e-02 
 2.14089617e+09  2.59768446e-02 
 2.19078664e+09  2.75404360e-02 
 2.24183974e+09  2.84265489e-02 
 2.29408255e+09  2.94152014e-02 
 2.34754280e+09  3.06457557e-02 
 2.40224887e+09  3.15507419e-02 
 2.45822978e+09  3.22881349e-02 
 2.51551525e+09  3.28891038e-02 
 2.57413567e+09  3.33676533e-02 
 2.63412215e+09  3.37344890e-02 
 2.69550653e+09  3.39999476e-02 
 2.75832139e+09  3.41745684e-02 
 2.82260005e+09  3.42689717e-02 
 2.88837664e+09  3.42935462e-02 
 2.95568605e+09  3.42581401e-02 
 3.02456401e+09  3.41718332e-02 
 3.09504707e+09  3.40428091e-02 
 3.16717263e+09  3.38783178e-02 
 3.24097898e+09  3.36847042e-02 
 3.31650528e+09  3.34674793e-02 
 3.39379160e+09  3.32314118e-02 
 3.47287898e+09  3.29806248e-02 
 3.55380937e+09  3.27186890e-02 
 3.63662572e+09  3.24487073e-02 
 3.72137199e+09  3.21733919e-02 
 3.80809314e+09  3.18951367e-02 
 3.89683521e+09  3.16160925e-02 
 3.98764528e+09  3.13382496e-02 
 4.08057155e+09  3.10635002e-02 
 4.17566333e+09  3.07931881e-02 
 4.27297108e+09  3.05183628e-02 
 4.37254645e+09  2.90750006e-02 
 4.47444228e+09  2.95874990e-02 
 4.57871264e+09  2.95806710e-02 
 4.68541287e+09  2.93778960e-02 
 4.79459960e+09  2.91528041e-02 
 4.90633076e+09  2.89253986e-02 
 5.02066566e+09  2.87009482e-02 
 5.13766496e+09  2.84813800e-02 
 5.25739076e+09  2.82674833e-02 
 5.37990660e+09  2.80595228e-02 
 5.50527749e+09  2.78574269e-02 
 5.63356997e+09  2.76607953e-02 
 5.76485211e+09  2.74687321e-02 
 5.89919360e+09  2.72792744e-02 
 6.03666571e+09  2.70873523e-02 
 6.17734142e+09  2.68746237e-02 
 6.32129537e+09  2.65021444e-02 
 6.46860395e+09  2.07813607e-02 
 6.61934535e+09  2.64757383e-02 
 6.77359956e+09  2.63543835e-02 
 6.93144843e+09  2.62617046e-02 
 7.09297575e+09  2.60715352e-02 
 7.25826722e+09  2.58472671e-02 
 7.42741057e+09  2.58958437e-02 
 7.60049556e+09  2.56928952e-02 
 7.77761404e+09  2.40122039e-02 
 7.95886001e+09  2.56777368e-02 
 8.14432966e+09  2.55620994e-02 
 8.33412140e+09  2.52272848e-02 
 8.52833597e+09  2.50354783e-02 
 8.72707642e+09  1.71267328e-02 
 8.93044823e+09  2.52281265e-02 
 9.13855932e+09  2.51744346e-02 
 9.35152014e+09  2.42970866e-02 
 9.56944371e+09  2.49659293e-02 
 9.79244566e+09  2.49162563e-02 
 1.00206443e+10  2.48524053e-02 
 1.02541609e+10  2.47883070e-02 
 1.04931192e+10  2.47262157e-02 
 1.07376460e+10  2.46666446e-02 
 1.09878712e+10  2.46096743e-02 
 1.12439276e+10  2.45552502e-02 
 1.15059509e+10  2.45032712e-02 
 1.17740804e+10  2.44536194e-02 
 1.20484582e+10  2.44061709e-02 
 1.23292299e+10  2.43607979e-02 
 1.26165447e+10  2.43173665e-02 
 1.29105549e+10  2.42757293e-02 
 1.32114166e+10  2.42357088e-02 
 1.35192894e+10  2.41970605e-02 
 1.38343368e+10  2.41593750e-02 
 1.41567259e+10  2.41217661e-02 
 1.44866277e+10  2.40814925e-02 
 1.48242175e+10  2.40221644e-02 
 1.51696743e+10  2.31934052e-02 
 1.55231815e+10  2.40347976e-02 
 1.58849266e+10  2.40004445e-02 
 1.62551017e+10  2.39707439e-02 
 1.66339032e+10  2.39438663e-02 
 1.70215321e+10  2.39188924e-02 
 1.74181941e+10  2.38954094e-02 
 1.78240998e+10  2.38731960e-02 
 1.82394645e+10  2.38521134e-02 
 1.86645086e+10  2.38320642e-02 
 1.90994578e+10  2.38129732e-02 
 1.95445429e+10  2.37947788e-02 
 2.00000000e+10  2.37774284e-02 
