 1.00000000e+08  2.06873738e-02 
 1.02330354e+08  2.07249648e-02 
 1.04715014e+08  2.07469713e-02 
 1.07155245e+08  2.07510728e-02 
 1.09652342e+08  2.07348692e-02 
 1.12207630e+08  2.06959331e-02 
 1.14822466e+08  2.06318754e-02 
 1.17498236e+08  2.05404242e-02 
 1.20236362e+08  2.04195134e-02 
 1.23038295e+08  2.02673784e-02 
 1.25905523e+08  2.00826533e-02 
 1.28839568e+08  1.98644621e-02 
 1.31841987e+08  1.96124985e-02 
 1.34914372e+08  1.93270842e-02 
 1.38058355e+08  1.90092006e-02 
 1.41275604e+08  1.86604901e-02 
 1.44567827e+08  1.82832225e-02 
 1.47936769e+08  1.78802302e-02 
 1.51384220e+08  1.74548153e-02 
 1.54912009e+08  1.70106362e-02 
 1.58522008e+08  1.65515819e-02 
 1.62216133e+08  1.60816437e-02 
 1.65996343e+08  1.56047926e-02 
 1.69864646e+08  1.51248695e-02 
 1.73823095e+08  1.46454937e-02 
 1.77873789e+08  1.41699920e-02 
 1.82018879e+08  1.37013485e-02 
 1.86260564e+08  1.32421753e-02 
 1.90601095e+08  1.27947001e-02 
 1.95042776e+08  1.23607684e-02 
 1.99587964e+08  1.19418559e-02 
 2.04239071e+08  1.15390884e-02 
 2.08998565e+08  1.11532643e-02 
 2.13868972e+08  1.07848782e-02 
 2.18852877e+08  1.04341398e-02 
 2.23952925e+08  1.01009873e-02 
 2.29171822e+08  9.78508917e-03 
 2.34512337e+08  9.48582868e-03 
 2.39977306e+08  9.20226413e-03 
 2.45569627e+08  8.93305381e-03 
 2.51292270e+08  8.67634380e-03 
 2.57148271e+08  8.42968367e-03 
 2.63140737e+08  8.19046799e-03 
 2.69272848e+08  7.96041448e-03 
 2.75547860e+08  7.78592204e-03 
 2.81969102e+08  8.36028984e-03 
 2.88539981e+08  1.80685754e-02 
 2.95263985e+08  1.01799971e-02 
 3.02144683e+08  8.79366117e-03 
 3.09185725e+08  8.29901111e-03 
 3.16390848e+08  8.03560506e-03 
 3.23763876e+08  7.86883484e-03 
 3.31308722e+08  7.75582401e-03 
 3.39029389e+08  7.67942918e-03 
 3.46929975e+08  7.63229355e-03 
 3.55014673e+08  7.61213092e-03 
 3.63287773e+08  7.62090683e-03 
 3.71753666e+08  7.66738341e-03 
 3.80416844e+08  7.78000339e-03 
 3.89281904e+08  8.09892230e-03 
 3.98353552e+08  1.12718994e-02 
 4.07636602e+08  8.44234498e-03 
 4.17135980e+08  9.56041095e-03 
 4.26856726e+08  1.79728558e-02 
 4.36804001e+08  9.21903270e-03 
 4.46983082e+08  9.19112580e-03 
 4.57399372e+08  1.40004077e-02 
 4.68058398e+08  8.53179986e-03 
 4.78965818e+08  8.08297184e-03 
 4.90127419e+08  8.14518804e-03 
 5.01549125e+08  8.35219303e-03 
 5.13236997e+08  8.68534528e-03 
 5.25197238e+08  9.23983289e-03 
 5.37436195e+08  1.05108633e-02 
 5.49960363e+08  1.47900797e-02 
 5.62776388e+08  1.04595502e-02 
 5.75891073e+08  1.30459499e-02 
 5.89311376e+08  1.21129272e-02 
 6.03044419e+08  7.41764710e-03 
 6.17097492e+08  7.34631086e-03 
 6.31478050e+08  8.02383476e-03 
 6.46193727e+08  8.46185993e-03 
 6.61252331e+08  9.37593928e-03 
 6.76661854e+08  1.13940859e-02 
 6.92430473e+08  1.03142614e-02 
 7.08566557e+08  9.28292398e-03 
 7.25078669e+08  9.74524750e-03 
 7.41975572e+08  1.05764542e-02 
 7.59266232e+08  1.02546712e-02 
 7.76959826e+08  1.17949283e-02 
 7.95065744e+08  1.13237467e-02 
 8.13593593e+08  1.66316463e-02 
 8.32553207e+08  1.38726435e-02 
 8.51954648e+08  1.13168110e-02 
 8.71808210e+08  1.28098678e-02 
 8.92124431e+08  1.44452346e-02 
 9.12914092e+08  1.22704914e-02 
 9.34188226e+08  1.50469740e-02 
 9.55958123e+08  1.43371122e-02 
 9.78235335e+08  1.58064224e-02 
 1.00103169e+09  2.14363223e-02 
 1.02435927e+09  2.34090099e-02 
 1.04823047e+09  1.42224765e-02 
 1.07265796e+09  9.78175224e-03 
 1.09765469e+09  1.10494059e-02 
 1.12323393e+09  1.11708145e-02 
 1.14940927e+09  1.20888450e-02 
 1.17619457e+09  1.32889773e-02 
 1.20360408e+09  1.51210303e-02 
 1.23165232e+09  1.66135042e-02 
 1.26035418e+09  1.61418380e-02 
 1.28972490e+09  1.23826081e-02 
 1.31978006e+09  1.43884949e-02 
 1.35053561e+09  1.33665213e-02 
 1.38200788e+09  1.30372603e-02 
 1.41421356e+09  1.45702348e-02 
 1.44716975e+09  1.57307176e-02 
 1.48089393e+09  1.61564780e-02 
 1.51540401e+09  1.53906620e-02 
 1.55071830e+09  1.58202699e-02 
 1.58685553e+09  1.74914255e-02 
 1.62383489e+09  1.85683450e-02 
 1.66167599e+09  1.82564740e-02 
 1.70039893e+09  2.17371252e-02 
 1.74002425e+09  2.51314293e-02 
 1.78057299e+09  3.19183416e-02 
 1.82206665e+09  1.96503032e-02 
 1.86452726e+09  1.20235599e-02 
 1.90797735e+09  1.79887374e-02 
 1.95243999e+09  1.29828413e-02 
 1.99793876e+09  1.54267386e-02 
 2.04449781e+09  1.72221031e-02 
 2.09214185e+09  1.87385642e-02 
 2.14089617e+09  2.00556346e-02 
 2.19078664e+09  2.13801010e-02 
 2.24183974e+09  2.24222134e-02 
 2.29408255e+09  2.12962915e-02 
 2.34754280e+09  2.27874648e-02 
 2.40224887e+09  2.38012948e-02 
 2.45822978e+09  2.46663093e-02 
 2.51551525e+09  2.54546731e-02 
 2.57413567e+09  2.61913213e-02 
 2.63412215e+09  2.68881341e-02 
 2.69550653e+09  2.75522434e-02 
 2.75832139e+09  2.81886267e-02 
 2.82260005e+09  2.88010199e-02 
 2.88837664e+09  2.93922491e-02 
 2.95568605e+09  2.99643579e-02 
 3.02456401e+09  3.05186729e-02 
 3.09504707e+09  3.10558656e-02 
 3.16717263e+09  3.15760279e-02 
 3.24097898e+09  3.20787643e-02 
 3.31650528e+09  3.25632957e-02 
 3.39379160e+09  3.30285675e-02 
 3.47287898e+09  3.34733566e-02 
 3.55380937e+09  3.38963719e-02 
 3.63662572e+09  3.42963432e-02 
 3.72137199e+09  3.46720990e-02 
 3.80809314e+09  3.50226289e-02 
 3.89683521e+09  3.53471329e-02 
 3.98764528e+09  3.56450587e-02 
 4.08057155e+09  3.59161359e-02 
 4.17566333e+09  3.61604555e-02 
 4.27297108e+09  3.63791107e-02 
 4.37254645e+09  3.66170415e-02 
 4.47444228e+09  3.67413866e-02 
 4.57871264e+09  3.68769332e-02 
 4.68541287e+09  3.69936529e-02 
 4.79459960e+09  3.70886799e-02 
 4.90633076e+09  3.71629723e-02 
 5.02066566e+09  3.72178778e-02 
 5.13766496e+09  3.72548610e-02 
 5.25739076e+09  3.72754324e-02 
 5.37990660e+09  3.72811133e-02 
 5.50527749e+09  3.72734094e-02 
 5.63356997e+09  3.72537872e-02 
 5.76485211e+09  3.72236476e-02 
 5.89919360e+09  3.71842840e-02 
 6.03666571e+09  3.71367847e-02 
 6.17734142e+09  3.70817002e-02 
 6.32129537e+09  3.70172404e-02 
 6.46860395e+09  3.71064627e-02 
 6.61934535e+09  3.69135991e-02 
 6.77359956e+09  3.68199676e-02 
 6.93144843e+09  3.68044330e-02 
 7.09297575e+09  3.66856439e-02 
 7.25826722e+09  3.64517032e-02 
 7.42741057e+09  3.67085448e-02 
 7.60049556e+09  3.65178932e-02 
 7.77761404e+09  2.87393378e-02 
 7.95886001e+09  3.23432916e-02 
 8.14432966e+09  3.54223312e-02 
 8.33412140e+09  3.56480988e-02 
 8.52833597e+09  3.47102054e-02 
 8.72707642e+09  2.34439065e-02 
 8.93044823e+09  3.29662137e-02 
 9.13855932e+09  3.43016523e-02 
 9.35152014e+09  3.13451266e-02 
 9.56944371e+09  3.42216721e-02 
 9.79244566e+09  3.44218801e-02 
 1.00206443e+10  3.44873472e-02 
 1.02541609e+10  3.45043400e-02 
 1.04931192e+10  3.44969119e-02 
 1.07376460e+10  3.44754224e-02 
 1.09878712e+10  3.44452950e-02 
 1.12439276e+10  3.44097019e-02 
 1.15059509e+10  3.43706356e-02 
 1.17740804e+10  3.43294084e-02 
 1.20484582e+10  3.42869127e-02 
 1.23292299e+10  3.42437638e-02 
 1.26165447e+10  3.42003818e-02 
 1.29105549e+10  3.41570344e-02 
 1.32114166e+10  3.41138460e-02 
 1.35192894e+10  3.40707593e-02 
 1.38343368e+10  3.40273774e-02 
 1.41567259e+10  3.39823749e-02 
 1.44866277e+10  3.39305734e-02 
 1.48242175e+10  3.38336239e-02 
 1.51696743e+10  2.98316526e-02 
 1.55231815e+10  3.38318457e-02 
 1.58849266e+10  3.38193587e-02 
 1.62551017e+10  3.37879437e-02 
 1.66339032e+10  3.37555971e-02 
 1.70215321e+10  3.37240124e-02 
 1.74181941e+10  3.36934665e-02 
 1.78240998e+10  3.36639965e-02 
 1.82394645e+10  3.36355857e-02 
 1.86645086e+10  3.36082040e-02 
 1.90994578e+10  3.35818181e-02 
 1.95445429e+10  3.35563942e-02 
 2.00000000e+10  3.35318992e-02 
