 1.00000000e+08  2.08435671e-02 
 1.02330354e+08  2.08783481e-02 
 1.04715014e+08  2.08972253e-02 
 1.07155245e+08  2.08978628e-02 
 1.09652342e+08  2.08778470e-02 
 1.12207630e+08  2.08347404e-02 
 1.14822466e+08  2.07661483e-02 
 1.17498236e+08  2.06697982e-02 
 1.20236362e+08  2.05436299e-02 
 1.23038295e+08  2.03858916e-02 
 1.25905523e+08  2.01952379e-02 
 1.28839568e+08  1.99708219e-02 
 1.31841987e+08  1.97123743e-02 
 1.34914372e+08  1.94202625e-02 
 1.38058355e+08  1.90955214e-02 
 1.41275604e+08  1.87398533e-02 
 1.44567827e+08  1.83555940e-02 
 1.47936769e+08  1.79456458e-02 
 1.51384220e+08  1.75133838e-02 
 1.54912009e+08  1.70625402e-02 
 1.58522008e+08  1.65970779e-02 
 1.62216133e+08  1.61210603e-02 
 1.65996343e+08  1.56385280e-02 
 1.69864646e+08  1.51533885e-02 
 1.73823095e+08  1.46693240e-02 
 1.77873789e+08  1.41897203e-02 
 1.82018879e+08  1.37176172e-02 
 1.86260564e+08  1.32556792e-02 
 1.90601095e+08  1.28061839e-02 
 1.95042776e+08  1.23710248e-02 
 1.99587964e+08  1.19517251e-02 
 2.04239071e+08  1.15494583e-02 
 2.08998565e+08  1.11650735e-02 
 2.13868972e+08  1.07991205e-02 
 2.18852877e+08  1.04518737e-02 
 2.23952925e+08  1.01233514e-02 
 2.29171822e+08  9.81332852e-03 
 2.34512337e+08  9.52134040e-03 
 2.39977306e+08  9.24667937e-03 
 2.45569627e+08  8.98839273e-03 
 2.51292270e+08  8.74533132e-03 
 2.57148271e+08  8.51645977e-03 
 2.63140737e+08  8.30242203e-03 
 2.69272848e+08  8.11396525e-03 
 2.75547860e+08  8.03122635e-03 
 2.81969102e+08  8.95017353e-03 
 2.88539981e+08  1.95280874e-02 
 2.95263985e+08  1.04529745e-02 
 3.02144683e+08  8.95847699e-03 
 3.09185725e+08  8.45350139e-03 
 3.16390848e+08  8.19854913e-03 
 3.23763876e+08  8.04615433e-03 
 3.31308722e+08  7.95011633e-03 
 3.39029389e+08  7.89215141e-03 
 3.46929975e+08  7.86438266e-03 
 3.55014673e+08  7.86413010e-03 
 3.63287773e+08  7.89276666e-03 
 3.71753666e+08  7.95762978e-03 
 3.80416844e+08  8.08248079e-03 
 3.89281904e+08  8.38284951e-03 
 3.98353552e+08  1.11420108e-02 
 4.07636602e+08  8.78245676e-03 
 4.17135980e+08  9.85326735e-03 
 4.26856726e+08  1.69772242e-02 
 4.36804001e+08  9.36883110e-03 
 4.46983082e+08  1.02176292e-02 
 4.57399372e+08  1.61957545e-02 
 4.68058398e+08  9.00873157e-03 
 4.78965818e+08  8.45645562e-03 
 4.90127419e+08  8.52472190e-03 
 5.01549125e+08  8.72875960e-03 
 5.13236997e+08  9.01784791e-03 
 5.25197238e+08  9.43316283e-03 
 5.37436195e+08  9.84259934e-03 
 5.49960363e+08  1.18822826e-02 
 5.62776388e+08  1.01557494e-02 
 5.75891073e+08  1.06535854e-02 
 5.89311376e+08  1.20339777e-02 
 6.03044419e+08  1.44852931e-02 
 6.17097492e+08  2.29300193e-02 
 6.31478050e+08  1.84682221e-02 
 6.46193727e+08  1.01334574e-02 
 6.61252331e+08  7.80904550e-03 
 6.76661854e+08  1.07884678e-02 
 6.92430473e+08  1.08645013e-02 
 7.08566557e+08  1.01515293e-02 
 7.25078669e+08  1.23922122e-02 
 7.41975572e+08  1.26990446e-02 
 7.59266232e+08  1.25417402e-02 
 7.76959826e+08  1.17170639e-02 
 7.95065744e+08  1.11391299e-02 
 8.13593593e+08  1.48722657e-02 
 8.32553207e+08  1.39908916e-02 
 8.51954648e+08  1.49375310e-02 
 8.71808210e+08  1.33264047e-02 
 8.92124431e+08  1.57015517e-02 
 9.12914092e+08  1.17802729e-02 
 9.34188226e+08  1.34417646e-02 
 9.55958123e+08  1.28860320e-02 
 9.78235335e+08  1.58829829e-02 
 1.00103169e+09  1.92938214e-02 
 1.02435927e+09  1.75275031e-02 
 1.04823047e+09  1.40504019e-02 
 1.07265796e+09  1.59290537e-02 
 1.09765469e+09  1.68293261e-02 
 1.12323393e+09  1.66613430e-02 
 1.14940927e+09  1.71208520e-02 
 1.17619457e+09  1.97472285e-02 
 1.20360408e+09  2.35831671e-02 
 1.23165232e+09  2.67841031e-02 
 1.26035418e+09  1.67906881e-02 
 1.28972490e+09  1.43486555e-02 
 1.31978006e+09  1.53373520e-02 
 1.35053561e+09  1.82913105e-02 
 1.38200788e+09  2.22391383e-02 
 1.41421356e+09  2.64061910e-02 
 1.44716975e+09  3.00277413e-02 
 1.48089393e+09  2.95066266e-02 
 1.51540401e+09  1.98667907e-02 
 1.55071830e+09  1.64395537e-02 
 1.58685553e+09  2.36669630e-02 
 1.62383489e+09  2.45927894e-02 
 1.66167599e+09  2.22331071e-02 
 1.70039893e+09  1.00612274e-02 
 1.74002425e+09  1.59438093e-02 
 1.78057299e+09  1.65498076e-02 
 1.82206665e+09  1.74623447e-02 
 1.86452726e+09  1.54989206e-02 
 1.90797735e+09  1.68383515e-02 
 1.95243999e+09  1.61468903e-02 
 1.99793876e+09  1.71711321e-02 
 2.04449781e+09  1.62975486e-02 
 2.09214185e+09  1.74089995e-02 
 2.14089617e+09  1.80333651e-02 
 2.19078664e+09  1.86209335e-02 
 2.24183974e+09  1.89354965e-02 
 2.29408255e+09  1.94681541e-02 
 2.34754280e+09  2.02351661e-02 
 2.40224887e+09  2.08977366e-02 
 2.45822978e+09  2.15436293e-02 
 2.51551525e+09  2.21836067e-02 
 2.57413567e+09  2.28181489e-02 
 2.63412215e+09  2.34455438e-02 
 2.69550653e+09  2.40636029e-02 
 2.75832139e+09  2.46701094e-02 
 2.82260005e+09  2.52629194e-02 
 2.88837664e+09  2.58399574e-02 
 2.95568605e+09  2.63991890e-02 
 3.02456401e+09  2.69386022e-02 
 3.09504707e+09  2.74562094e-02 
 3.16717263e+09  2.79500699e-02 
 3.24097898e+09  2.84183297e-02 
 3.31650528e+09  2.88592725e-02 
 3.39379160e+09  2.92713738e-02 
 3.47287898e+09  2.96533534e-02 
 3.55380937e+09  3.00042203e-02 
 3.63662572e+09  3.03233070e-02 
 3.72137199e+09  3.06102902e-02 
 3.80809314e+09  3.08651992e-02 
 3.89683521e+09  3.10884114e-02 
 3.98764528e+09  3.12806409e-02 
 4.08057155e+09  3.14429319e-02 
 4.17566333e+09  3.15767133e-02 
 4.27297108e+09  3.16843619e-02 
 4.37254645e+09  3.17921509e-02 
 4.47444228e+09  3.18140368e-02 
 4.57871264e+09  3.18487329e-02 
 4.68541287e+09  3.18627490e-02 
 4.79459960e+09  3.18581116e-02 
 4.90633076e+09  3.18368060e-02 
 5.02066566e+09  3.18006935e-02 
 5.13766496e+09  3.17515403e-02 
 5.25739076e+09  3.16910174e-02 
 5.37990660e+09  3.16206943e-02 
 5.50527749e+09  3.15420332e-02 
 5.63356997e+09  3.14563829e-02 
 5.76485211e+09  3.13649734e-02 
 5.89919360e+09  3.12689048e-02 
 6.03666571e+09  3.11691224e-02 
 6.17734142e+09  3.10663381e-02 
 6.32129537e+09  3.09607554e-02 
 6.46860395e+09  3.09034435e-02 
 6.61934535e+09  3.07517468e-02 
 6.77359956e+09  3.06290814e-02 
 6.93144843e+09  3.05728978e-02 
 7.09297575e+09  3.04207166e-02 
 7.25826722e+09  3.02077058e-02 
 7.42741057e+09  3.03030260e-02 
 7.60049556e+09  2.99190498e-02 
 7.77761404e+09  1.73913421e-02 
 7.95886001e+09  2.75319837e-02 
 8.14432966e+09  2.93885360e-02 
 8.33412140e+09  2.95946548e-02 
 8.52833597e+09  2.76680633e-02 
 8.72707642e+09  2.08573226e-02 
 8.93044823e+09  2.81288543e-02 
 9.13855932e+09  2.86958673e-02 
 9.35152014e+09  2.59613107e-02 
 9.56944371e+09  2.86497330e-02 
 9.79244566e+09  2.86838642e-02 
 1.00206443e+10  2.86666882e-02 
 1.02541609e+10  2.86317200e-02 
 1.04931192e+10  2.85883419e-02 
 1.07376460e+10  2.85406558e-02 
 1.09878712e+10  2.84908238e-02 
 1.12439276e+10  2.84401059e-02 
 1.15059509e+10  2.83892827e-02 
 1.17740804e+10  2.83388545e-02 
 1.20484582e+10  2.82891467e-02 
 1.23292299e+10  2.82403670e-02 
 1.26165447e+10  2.81926370e-02 
 1.29105549e+10  2.81460049e-02 
 1.32114166e+10  2.81004382e-02 
 1.35192894e+10  2.80557767e-02 
 1.38343368e+10  2.80115758e-02 
 1.41567259e+10  2.79665177e-02 
 1.44866277e+10  2.79153792e-02 
 1.48242175e+10  2.78173834e-02 
 1.51696743e+10  2.35466664e-02 
 1.55231815e+10  2.77217029e-02 
 1.58849266e+10  2.77708133e-02 
 1.62551017e+10  2.77503170e-02 
 1.66339032e+10  2.77225155e-02 
 1.70215321e+10  2.76935573e-02 
 1.74181941e+10  2.76648369e-02 
 1.78240998e+10  2.76367907e-02 
 1.82394645e+10  2.76095755e-02 
 1.86645086e+10  2.75832457e-02 
 1.90994578e+10  2.75578128e-02 
 1.95445429e+10  2.75332682e-02 
 2.00000000e+10  2.75095936e-02 
