 1.00000000e+08  2.07647032e-02 
 1.02330354e+08  2.08060998e-02 
 1.04715014e+08  2.08320146e-02 
 1.07155245e+08  2.08401124e-02 
 1.09652342e+08  2.08279747e-02 
 1.12207630e+08  2.07931523e-02 
 1.14822466e+08  2.07332305e-02 
 1.17498236e+08  2.06459081e-02 
 1.20236362e+08  2.05290865e-02 
 1.23038295e+08  2.03809655e-02 
 1.25905523e+08  2.02001411e-02 
 1.28839568e+08  1.99856981e-02 
 1.31841987e+08  1.97372897e-02 
 1.34914372e+08  1.94551975e-02 
 1.38058355e+08  1.91403646e-02 
 1.41275604e+08  1.87943970e-02 
 1.44567827e+08  1.84195313e-02 
 1.47936769e+08  1.80185705e-02 
 1.51384220e+08  1.75947915e-02 
 1.54912009e+08  1.71518319e-02 
 1.58522008e+08  1.66935638e-02 
 1.62216133e+08  1.62239658e-02 
 1.65996343e+08  1.57469991e-02 
 1.69864646e+08  1.52664974e-02 
 1.73823095e+08  1.47860747e-02 
 1.77873789e+08  1.43090530e-02 
 1.82018879e+08  1.38384122e-02 
 1.86260564e+08  1.33767592e-02 
 1.90601095e+08  1.29263154e-02 
 1.95042776e+08  1.24889177e-02 
 1.99587964e+08  1.20660310e-02 
 2.04239071e+08  1.16587670e-02 
 2.08998565e+08  1.12679065e-02 
 2.13868972e+08  1.08939217e-02 
 2.18852877e+08  1.05369957e-02 
 2.23952925e+08  1.01970338e-02 
 2.29171822e+08  9.87366542e-03 
 2.34512337e+08  9.56622953e-03 
 2.39977306e+08  9.27373845e-03 
 2.45569627e+08  8.99481838e-03 
 2.51292270e+08  8.72764793e-03 
 2.57148271e+08  8.47004641e-03 
 2.63140737e+08  8.22056444e-03 
 2.69272848e+08  7.98590485e-03 
 2.75547860e+08  7.83957764e-03 
 2.81969102e+08  8.71558945e-03 
 2.88539981e+08  2.01558044e-02 
 2.95263985e+08  1.06950202e-02 
 3.02144683e+08  9.02842517e-03 
 3.09185725e+08  8.43729357e-03 
 3.16390848e+08  8.12365985e-03 
 3.23763876e+08  7.92423704e-03 
 3.31308722e+08  7.78717493e-03 
 3.39029389e+08  7.69195729e-03 
 3.46929975e+08  7.63007049e-03 
 3.55014673e+08  7.59940771e-03 
 3.63287773e+08  7.60363221e-03 
 3.71753666e+08  7.65639310e-03 
 3.80416844e+08  7.80172882e-03 
 3.89281904e+08  8.26007827e-03 
 3.98353552e+08  1.29696427e-02 
 4.07636602e+08  8.44709785e-03 
 4.17135980e+08  9.69337959e-03 
 4.26856726e+08  1.88924962e-02 
 4.36804001e+08  9.58840189e-03 
 4.46983082e+08  1.05535152e-02 
 4.57399372e+08  2.03463049e-02 
 4.68058398e+08  9.65298899e-03 
 4.78965818e+08  8.17655101e-03 
 4.90127419e+08  7.91902889e-03 
 5.01549125e+08  7.97234025e-03 
 5.13236997e+08  8.24696764e-03 
 5.25197238e+08  9.13132243e-03 
 5.37436195e+08  1.09497929e-02 
 5.49960363e+08  1.06992338e-02 
 5.62776388e+08  7.77365993e-03 
 5.75891073e+08  8.23028807e-03 
 5.89311376e+08  8.05608367e-03 
 6.03044419e+08  8.11351956e-03 
 6.17097492e+08  9.00629644e-03 
 6.31478050e+08  9.74208878e-03 
 6.46193727e+08  9.08916753e-03 
 6.61252331e+08  9.10647956e-03 
 6.76661854e+08  1.15787533e-02 
 6.92430473e+08  8.95602243e-03 
 7.08566557e+08  8.55674987e-03 
 7.25078669e+08  8.70482587e-03 
 7.41975572e+08  9.14960768e-03 
 7.59266232e+08  9.48605872e-03 
 7.76959826e+08  1.03972591e-02 
 7.95065744e+08  1.04312586e-02 
 8.13593593e+08  1.34717762e-02 
 8.32553207e+08  1.25280035e-02 
 8.51954648e+08  1.28846603e-02 
 8.71808210e+08  1.17400907e-02 
 8.92124431e+08  1.20213304e-02 
 9.12914092e+08  1.20842573e-02 
 9.34188226e+08  1.53527475e-02 
 9.55958123e+08  1.33354571e-02 
 9.78235335e+08  1.39431958e-02 
 1.00103169e+09  1.21203643e-02 
 1.02435927e+09  1.27900869e-02 
 1.04823047e+09  1.15197253e-02 
 1.07265796e+09  1.44829232e-02 
 1.09765469e+09  1.02176177e-02 
 1.12323393e+09  1.10444524e-02 
 1.14940927e+09  1.16136304e-02 
 1.17619457e+09  1.24298676e-02 
 1.20360408e+09  1.35177337e-02 
 1.23165232e+09  1.39214127e-02 
 1.26035418e+09  1.27287793e-02 
 1.28972490e+09  1.47449948e-02 
 1.31978006e+09  2.00781244e-02 
 1.35053561e+09  1.23164428e-02 
 1.38200788e+09  1.38609789e-02 
 1.41421356e+09  1.50527080e-02 
 1.44716975e+09  1.59956014e-02 
 1.48089393e+09  1.61112230e-02 
 1.51540401e+09  1.53203868e-02 
 1.55071830e+09  1.57015530e-02 
 1.58685553e+09  1.70498468e-02 
 1.62383489e+09  1.77357805e-02 
 1.66167599e+09  1.73410249e-02 
 1.70039893e+09  1.93531755e-02 
 1.74002425e+09  2.05654250e-02 
 1.78057299e+09  2.07318151e-02 
 1.82206665e+09  2.02220655e-02 
 1.86452726e+09  2.23431900e-02 
 1.90797735e+09  2.04448595e-02 
 1.95243999e+09  2.01522217e-02 
 1.99793876e+09  1.94164890e-02 
 2.04449781e+09  2.11875210e-02 
 2.09214185e+09  2.26108347e-02 
 2.14089617e+09  2.38002999e-02 
 2.19078664e+09  2.49657872e-02 
 2.24183974e+09  2.52553395e-02 
 2.29408255e+09  2.42614687e-02 
 2.34754280e+09  2.57921979e-02 
 2.40224887e+09  2.66408916e-02 
 2.45822978e+09  2.72795028e-02 
 2.51551525e+09  2.77972564e-02 
 2.57413567e+09  2.82230369e-02 
 2.63412215e+09  2.85705672e-02 
 2.69550653e+09  2.88487333e-02 
 2.75832139e+09  2.90646247e-02 
 2.82260005e+09  2.92245129e-02 
 2.88837664e+09  2.93341498e-02 
 2.95568605e+09  2.93988417e-02 
 3.02456401e+09  2.94234649e-02 
 3.09504707e+09  2.94124797e-02 
 3.16717263e+09  2.93699570e-02 
 3.24097898e+09  2.92996158e-02 
 3.31650528e+09  2.92048634e-02 
 3.39379160e+09  2.90888323e-02 
 3.47287898e+09  2.89544099e-02 
 3.55380937e+09  2.88042616e-02 
 3.63662572e+09  2.86408465e-02 
 3.72137199e+09  2.84664292e-02 
 3.80809314e+09  2.82830901e-02 
 3.89683521e+09  2.80927376e-02 
 3.98764528e+09  2.78971305e-02 
 4.08057155e+09  2.76979311e-02 
 4.17566333e+09  2.74968912e-02 
 4.27297108e+09  2.72969859e-02 
 4.37254645e+09  2.71381388e-02 
 4.47444228e+09  2.68735194e-02 
 4.57871264e+09  2.66759111e-02 
 4.68541287e+09  2.64778963e-02 
 4.79459960e+09  2.62819430e-02 
 4.90633076e+09  2.60889780e-02 
 5.02066566e+09  2.58995548e-02 
 5.13766496e+09  2.57140651e-02 
 5.25739076e+09  2.55327984e-02 
 5.37990660e+09  2.53559657e-02 
 5.50527749e+09  2.51837108e-02 
 5.63356997e+09  2.50161168e-02 
 5.76485211e+09  2.48532071e-02 
 5.89919360e+09  2.46949409e-02 
 6.03666571e+09  2.45411952e-02 
 6.17734142e+09  2.43917179e-02 
 6.32129537e+09  2.42460819e-02 
 6.46860395e+09  2.41487917e-02 
 6.61934535e+09  2.39686470e-02 
 6.77359956e+09  2.38189406e-02 
 6.93144843e+09  2.37488666e-02 
 7.09297575e+09  2.35787831e-02 
 7.25826722e+09  2.33816877e-02 
 7.42741057e+09  2.34688625e-02 
 7.60049556e+09  2.33682855e-02 
 7.77761404e+09  2.31439848e-02 
 7.95886001e+09  2.32264852e-02 
 8.14432966e+09  2.30481277e-02 
 8.33412140e+09  2.26706166e-02 
 8.52833597e+09  2.23305205e-02 
 8.72707642e+09  2.27729644e-02 
 8.93044823e+09  2.27567103e-02 
 9.13855932e+09  2.26684951e-02 
 9.35152014e+09  2.25634302e-02 
 9.56944371e+09  2.25080457e-02 
 9.79244566e+09  2.24375751e-02 
 1.00206443e+10  2.23702957e-02 
 1.02541609e+10  2.23061622e-02 
 1.04931192e+10  2.22449563e-02 
 1.07376460e+10  2.21864774e-02 
 1.09878712e+10  2.21305517e-02 
 1.12439276e+10  2.20770260e-02 
 1.15059509e+10  2.20257618e-02 
 1.17740804e+10  2.19766300e-02 
 1.20484582e+10  2.19295071e-02 
 1.23292299e+10  2.18842697e-02 
 1.26165447e+10  2.18407886e-02 
 1.29105549e+10  2.17989177e-02 
 1.32114166e+10  2.17584740e-02 
 1.35192894e+10  2.17191913e-02 
 1.38343368e+10  2.16806014e-02 
 1.41567259e+10  2.16416525e-02 
 1.44866277e+10  2.15990133e-02 
 1.48242175e+10  2.15324263e-02 
 1.51696743e+10  2.04386958e-02 
 1.55231815e+10  2.15572051e-02 
 1.58849266e+10  2.15211927e-02 
 1.62551017e+10  2.14898536e-02 
 1.66339032e+10  2.14615086e-02 
 1.70215321e+10  2.14351464e-02 
 1.74181941e+10  2.14103078e-02 
 1.78240998e+10  2.13867493e-02 
 1.82394645e+10  2.13643219e-02 
 1.86645086e+10  2.13429234e-02 
 1.90994578e+10  2.13224770e-02 
 1.95445429e+10  2.13029213e-02 
 2.00000000e+10  2.12842045e-02 
