 1.00000000e+08  1.87596618e-02 
 1.02330354e+08  1.87644913e-02 
 1.04715014e+08  1.87550988e-02 
 1.07155245e+08  1.87298343e-02 
 1.09652342e+08  1.86870351e-02 
 1.12207630e+08  1.86250641e-02 
 1.14822466e+08  1.85423557e-02 
 1.17498236e+08  1.84374675e-02 
 1.20236362e+08  1.83091368e-02 
 1.23038295e+08  1.81563402e-02 
 1.25905523e+08  1.79783519e-02 
 1.28839568e+08  1.77747983e-02 
 1.31841987e+08  1.75457050e-02 
 1.34914372e+08  1.72915310e-02 
 1.38058355e+08  1.70131892e-02 
 1.41275604e+08  1.67120477e-02 
 1.44567827e+08  1.63899129e-02 
 1.47936769e+08  1.60489941e-02 
 1.51384220e+08  1.56918504e-02 
 1.54912009e+08  1.53213251e-02 
 1.58522008e+08  1.49404690e-02 
 1.62216133e+08  1.45524604e-02 
 1.65996343e+08  1.41605241e-02 
 1.69864646e+08  1.37678548e-02 
 1.73823095e+08  1.33775487e-02 
 1.77873789e+08  1.29925447e-02 
 1.82018879e+08  1.26155772e-02 
 1.86260564e+08  1.22491413e-02 
 1.90601095e+08  1.18954682e-02 
 1.95042776e+08  1.15565121e-02 
 1.99587964e+08  1.12339445e-02 
 2.04239071e+08  1.09291561e-02 
 2.08998565e+08  1.06432640e-02 
 2.13868972e+08  1.03771229e-02 
 2.18852877e+08  1.01313393e-02 
 2.23952925e+08  9.90628706e-03 
 2.29171822e+08  9.70212543e-03 
 2.34512337e+08  9.51881751e-03 
 2.39977306e+08  9.35615040e-03 
 2.45569627e+08  9.21375726e-03 
 2.51292270e+08  9.09114273e-03 
 2.57148271e+08  8.98771494e-03 
 2.63140737e+08  8.90283116e-03 
 2.69272848e+08  8.83587386e-03 
 2.75547860e+08  8.78639712e-03 
 2.81969102e+08  8.75444592e-03 
 2.88539981e+08  8.74131524e-03 
 2.95263985e+08  8.75135713e-03 
 3.02144683e+08  8.79353087e-03 
 3.09185725e+08  8.78007546e-03 
 3.16390848e+08  9.95213298e-03 
 3.23763876e+08  1.61000969e-02 
 3.31308722e+08  1.20120343e-02 
 3.39029389e+08  1.03335239e-02 
 3.46929975e+08  1.05288590e-02 
 3.55014673e+08  1.28789800e-02 
 3.63287773e+08  1.07784206e-02 
 3.71753666e+08  1.03318036e-02 
 3.80416844e+08  1.02551824e-02 
 3.89281904e+08  1.02965925e-02 
 3.98353552e+08  1.04000324e-02 
 4.07636602e+08  1.05536854e-02 
 4.17135980e+08  1.07723972e-02 
 4.26856726e+08  1.11464490e-02 
 4.36804001e+08  1.27958239e-02 
 4.46983082e+08  1.17697659e-02 
 4.57399372e+08  1.35561642e-02 
 4.68058398e+08  1.39568577e-02 
 4.78965818e+08  1.25801924e-02 
 4.90127419e+08  1.19701117e-02 
 5.01549125e+08  1.25179067e-02 
 5.13236997e+08  1.23833511e-02 
 5.25197238e+08  1.12825584e-02 
 5.37436195e+08  1.19054563e-02 
 5.49960363e+08  1.24584876e-02 
 5.62776388e+08  1.38680276e-02 
 5.75891073e+08  1.42039193e-02 
 5.89311376e+08  1.45832350e-02 
 6.03044419e+08  1.51150546e-02 
 6.17097492e+08  1.50578588e-02 
 6.31478050e+08  1.66901330e-02 
 6.46193727e+08  1.43404817e-02 
 6.61252331e+08  1.54880352e-02 
 6.76661854e+08  1.60672887e-02 
 6.92430473e+08  1.79774188e-02 
 7.08566557e+08  1.96070919e-02 
 7.25078669e+08  2.43389269e-02 
 7.41975572e+08  1.50092436e-02 
 7.59266232e+08  1.67514677e-02 
 7.76959826e+08  1.51141501e-02 
 7.95065744e+08  1.63507299e-02 
 8.13593593e+08  2.20981025e-02 
 8.32553207e+08  2.01131517e-02 
 8.51954648e+08  1.64253490e-02 
 8.71808210e+08  2.14004122e-02 
 8.92124431e+08  1.97396591e-02 
 9.12914092e+08  1.90528530e-02 
 9.34188226e+08  2.08713184e-02 
 9.55958123e+08  1.44775070e-02 
 9.78235335e+08  1.66767263e-02 
 1.00103169e+09  1.96098003e-02 
 1.02435927e+09  2.28453562e-02 
 1.04823047e+09  9.01413286e-03 
 1.07265796e+09  1.42073844e-02 
 1.09765469e+09  1.71000986e-02 
 1.12323393e+09  1.69458647e-02 
 1.14940927e+09  1.75498705e-02 
 1.17619457e+09  1.77574264e-02 
 1.20360408e+09  1.85648279e-02 
 1.23165232e+09  2.09398798e-02 
 1.26035418e+09  1.98995565e-02 
 1.28972490e+09  2.34573304e-02 
 1.31978006e+09  1.77336048e-02 
 1.35053561e+09  1.67510065e-02 
 1.38200788e+09  2.09723110e-02 
 1.41421356e+09  2.22579218e-02 
 1.44716975e+09  1.82168130e-02 
 1.48089393e+09  2.05375201e-02 
 1.51540401e+09  2.16515792e-02 
 1.55071830e+09  2.01531632e-02 
 1.58685553e+09  2.01992306e-02 
 1.62383489e+09  2.07801458e-02 
 1.66167599e+09  2.33047809e-02 
 1.70039893e+09  2.50923317e-02 
 1.74002425e+09  2.75158881e-02 
 1.78057299e+09  2.93761274e-02 
 1.82206665e+09  3.49787290e-02 
 1.86452726e+09  4.75920296e-02 
 1.90797735e+09  2.25324730e-02 
 1.95243999e+09  2.62717213e-02 
 1.99793876e+09  3.02182907e-02 
 2.04449781e+09  3.32886621e-02 
 2.09214185e+09  3.66070490e-02 
 2.14089617e+09  3.97496082e-02 
 2.19078664e+09  4.27045377e-02 
 2.24183974e+09  4.50939658e-02 
 2.29408255e+09  4.61989300e-02 
 2.34754280e+09  4.45513267e-02 
 2.40224887e+09  3.82298996e-02 
 2.45822978e+09  4.81854379e-02 
 2.51551525e+09  4.74458627e-02 
 2.57413567e+09  4.38864078e-02 
 2.63412215e+09  4.02007150e-02 
 2.69550653e+09  3.67630119e-02 
 2.75832139e+09  3.36804571e-02 
 2.82260005e+09  3.09708912e-02 
 2.88837664e+09  2.86102437e-02 
 2.95568605e+09  2.65556988e-02 
 3.02456401e+09  2.47572420e-02 
 3.09504707e+09  2.31624547e-02 
 3.16717263e+09  2.17167460e-02 
 3.24097898e+09  2.03612203e-02 
 3.31650528e+09  1.92162798e-02 
 3.39379160e+09  1.87117113e-02 
 3.47287898e+09  1.75845440e-02 
 3.55380937e+09  1.62518691e-02 
 3.63662572e+09  1.50166632e-02 
 3.72137199e+09  1.38154487e-02 
 3.80809314e+09  1.26834149e-02 
 3.89683521e+09  1.17245833e-02 
 3.98764528e+09  1.11030079e-02 
 4.08057155e+09  1.09938725e-02 
 4.17566333e+09  1.14875664e-02 
 4.27297108e+09  1.25270594e-02 
 4.37254645e+09  1.39494767e-02 
 4.47444228e+09  1.55667750e-02 
 4.57871264e+09  1.71968454e-02 
 4.68541287e+09  1.86287248e-02 
 4.79459960e+09  1.95347848e-02 
 4.90633076e+09  1.94179451e-02 
 5.02066566e+09  1.78628303e-02 
 5.13766496e+09  1.51896248e-02 
 5.25739076e+09  1.26497962e-02 
 5.37990660e+09  1.14796046e-02 
 5.50527749e+09  1.19049881e-02 
 5.63356997e+09  1.33633390e-02 
 5.76485211e+09  1.53301420e-02 
 5.89919360e+09  1.75246517e-02 
 6.03666571e+09  1.96933786e-02 
 6.17734142e+09  2.13537875e-02 
 6.32129537e+09  2.18308895e-02 
 6.46860395e+09  2.09085577e-02 
 6.61934535e+09  1.91867401e-02 
 6.77359956e+09  1.74610436e-02 
 6.93144843e+09  1.62926801e-02 
 7.09297575e+09  1.59005120e-02 
 7.25826722e+09  1.61179774e-02 
 7.42741057e+09  1.66484253e-02 
 7.60049556e+09  1.72909517e-02 
 7.77761404e+09  1.79518803e-02 
 7.95886001e+09  1.86076773e-02 
 8.14432966e+09  1.92374580e-02 
 8.33412140e+09  1.98400468e-02 
 8.52833597e+09  2.03842749e-02 
 8.72707642e+09  2.09761667e-02 
 8.93044823e+09  2.15172548e-02 
 9.13855932e+09  2.20391652e-02 
 9.35152014e+09  2.25450168e-02 
 9.56944371e+09  2.30359391e-02 
 9.79244566e+09  2.35128537e-02 
 1.00206443e+10  2.39765064e-02 
 1.02541609e+10  2.44275021e-02 
 1.04931192e+10  2.48663345e-02 
 1.07376460e+10  2.52934101e-02 
 1.09878712e+10  2.57090682e-02 
 1.12439276e+10  2.61135969e-02 
 1.15059509e+10  2.65072461e-02 
 1.17740804e+10  2.68902390e-02 
 1.20484582e+10  2.72627809e-02 
 1.23292299e+10  2.76250692e-02 
 1.26165447e+10  2.79773025e-02 
 1.29105549e+10  2.83196937e-02 
 1.32114166e+10  2.86524895e-02 
 1.35192894e+10  2.89760088e-02 
 1.38343368e+10  2.92907297e-02 
 1.41567259e+10  2.95975292e-02 
 1.44866277e+10  2.98985196e-02 
 1.48242175e+10  3.02011420e-02 
 1.51696743e+10  3.00464626e-02 
 1.55231815e+10  3.06285443e-02 
 1.58849266e+10  3.09255436e-02 
 1.62551017e+10  3.11863620e-02 
 1.66339032e+10  3.14328365e-02 
 1.70215321e+10  3.16689089e-02 
 1.74181941e+10  3.18959338e-02 
 1.78240998e+10  3.21145772e-02 
 1.82394645e+10  3.23252588e-02 
 1.86645086e+10  3.25282928e-02 
 1.90994578e+10  3.27239417e-02 
 1.95445429e+10  3.29124408e-02 
 2.00000000e+10  3.30940089e-02 
