 1.00000000e+08  1.80657729e-02 
 1.02330354e+08  1.80695799e-02 
 1.04715014e+08  1.80600455e-02 
 1.07155245e+08  1.80355632e-02 
 1.09652342e+08  1.79945029e-02 
 1.12207630e+08  1.79352464e-02 
 1.14822466e+08  1.78562297e-02 
 1.17498236e+08  1.77559913e-02 
 1.20236362e+08  1.76332261e-02 
 1.23038295e+08  1.74868408e-02 
 1.25905523e+08  1.73160103e-02 
 1.28839568e+08  1.71202302e-02 
 1.31841987e+08  1.68993620e-02 
 1.34914372e+08  1.66536678e-02 
 1.38058355e+08  1.63838305e-02 
 1.41275604e+08  1.60909580e-02 
 1.44567827e+08  1.57765693e-02 
 1.47936769e+08  1.54425623e-02 
 1.51384220e+08  1.50911669e-02 
 1.54912009e+08  1.47248839e-02 
 1.58522008e+08  1.43464150e-02 
 1.62216133e+08  1.39585886e-02 
 1.65996343e+08  1.35642853e-02 
 1.69864646e+08  1.31663671e-02 
 1.73823095e+08  1.27676147e-02 
 1.77873789e+08  1.23706749e-02 
 1.82018879e+08  1.19780182e-02 
 1.86260564e+08  1.15919099e-02 
 1.90601095e+08  1.12143904e-02 
 1.95042776e+08  1.08472677e-02 
 1.99587964e+08  1.04921174e-02 
 2.04239071e+08  1.01502900e-02 
 2.08998565e+08  9.82292431e-03 
 2.13868972e+08  9.51096495e-03 
 2.18852877e+08  9.21518274e-03 
 2.23952925e+08  8.93619831e-03 
 2.29171822e+08  8.67450843e-03 
 2.34512337e+08  8.43051637e-03 
 2.39977306e+08  8.20456907e-03 
 2.45569627e+08  7.99700618e-03 
 2.51292270e+08  7.80823126e-03 
 2.57148271e+08  7.63882497e-03 
 2.63140737e+08  7.48974102e-03 
 2.69272848e+08  7.36267422e-03 
 2.75547860e+08  7.26081225e-03 
 2.81969102e+08  7.19052522e-03 
 2.88539981e+08  7.16565149e-03 
 2.95263985e+08  7.22037024e-03 
 3.02144683e+08  7.46010644e-03 
 3.09185725e+08  8.39966126e-03 
 3.16390848e+08  1.01153954e-02 
 3.23763876e+08  1.75231548e-02 
 3.31308722e+08  1.07860269e-02 
 3.39029389e+08  8.28571439e-03 
 3.46929975e+08  8.84684388e-03 
 3.55014673e+08  1.22994767e-02 
 3.63287773e+08  8.71325589e-03 
 3.71753666e+08  7.82610686e-03 
 3.80416844e+08  7.55577128e-03 
 3.89281904e+08  7.47500070e-03 
 3.98353552e+08  7.48665261e-03 
 4.07636602e+08  7.56700032e-03 
 4.17135980e+08  7.73088302e-03 
 4.26856726e+08  8.08830306e-03 
 4.36804001e+08  9.96373229e-03 
 4.46983082e+08  8.64635757e-03 
 4.57399372e+08  1.06731559e-02 
 4.68058398e+08  1.09099326e-02 
 4.78965818e+08  9.19292271e-03 
 4.90127419e+08  8.12118193e-03 
 5.01549125e+08  8.12276423e-03 
 5.13236997e+08  8.30741209e-03 
 5.25197238e+08  8.53089605e-03 
 5.37436195e+08  8.88335983e-03 
 5.49960363e+08  9.47977184e-03 
 5.62776388e+08  1.07171026e-02 
 5.75891073e+08  1.20790441e-02 
 5.89311376e+08  1.25386215e-02 
 6.03044419e+08  1.42097535e-02 
 6.17097492e+08  1.12963120e-02 
 6.31478050e+08  9.74799906e-03 
 6.46193727e+08  1.07234007e-02 
 6.61252331e+08  9.49641462e-03 
 6.76661854e+08  9.99879370e-03 
 6.92430473e+08  1.08288331e-02 
 7.08566557e+08  1.22033563e-02 
 7.25078669e+08  1.37187240e-02 
 7.41975572e+08  1.20881551e-02 
 7.59266232e+08  1.60036818e-02 
 7.76959826e+08  1.30346652e-02 
 7.95065744e+08  1.32516387e-02 
 8.13593593e+08  1.61345494e-02 
 8.32553207e+08  1.50562421e-02 
 8.51954648e+08  1.05109445e-02 
 8.71808210e+08  1.07356887e-02 
 8.92124431e+08  1.17882282e-02 
 9.12914092e+08  1.28405412e-02 
 9.34188226e+08  1.45525794e-02 
 9.55958123e+08  1.77317311e-02 
 9.78235335e+08  1.87524521e-02 
 1.00103169e+09  2.48934470e-02 
 1.02435927e+09  1.58748992e-02 
 1.04823047e+09  1.24062271e-02 
 1.07265796e+09  9.60957796e-03 
 1.09765469e+09  1.06148668e-02 
 1.12323393e+09  1.13232459e-02 
 1.14940927e+09  1.18348183e-02 
 1.17619457e+09  1.22933259e-02 
 1.20360408e+09  1.28683002e-02 
 1.23165232e+09  1.40767118e-02 
 1.26035418e+09  1.36052815e-02 
 1.28972490e+09  1.47946491e-02 
 1.31978006e+09  1.58634936e-02 
 1.35053561e+09  2.08605713e-02 
 1.38200788e+09  1.46369650e-02 
 1.41421356e+09  1.51866087e-02 
 1.44716975e+09  1.50911009e-02 
 1.48089393e+09  1.55180720e-02 
 1.51540401e+09  1.60829723e-02 
 1.55071830e+09  1.69352619e-02 
 1.58685553e+09  1.82562833e-02 
 1.62383489e+09  1.94520141e-02 
 1.66167599e+09  2.27643357e-02 
 1.70039893e+09  2.32808200e-02 
 1.74002425e+09  1.36407307e-02 
 1.78057299e+09  1.69901851e-02 
 1.82206665e+09  1.97100806e-02 
 1.86452726e+09  2.48663039e-02 
 1.90797735e+09  2.43146900e-02 
 1.95243999e+09  1.47998909e-02 
 1.99793876e+09  1.82589457e-02 
 2.04449781e+09  1.68230226e-02 
 2.09214185e+09  1.98444489e-02 
 2.14089617e+09  2.10296688e-02 
 2.19078664e+09  2.19512391e-02 
 2.24183974e+09  2.27103964e-02 
 2.29408255e+09  2.33000916e-02 
 2.34754280e+09  2.36008958e-02 
 2.40224887e+09  2.28751250e-02 
 2.45822978e+09  2.39106632e-02 
 2.51551525e+09  2.53090307e-02 
 2.57413567e+09  2.61501961e-02 
 2.63412215e+09  2.69317031e-02 
 2.69550653e+09  2.77258789e-02 
 2.75832139e+09  2.85375161e-02 
 2.82260005e+09  2.93595260e-02 
 2.88837664e+09  3.01836554e-02 
 2.95568605e+09  3.10025637e-02 
 3.02456401e+09  3.18101711e-02 
 3.09504707e+09  3.26016844e-02 
 3.16717263e+09  3.33710178e-02 
 3.24097898e+09  3.40721466e-02 
 3.31650528e+09  3.36930793e-02 
 3.39379160e+09  3.26059910e-02 
 3.47287898e+09  3.45986179e-02 
 3.55380937e+09  3.55381541e-02 
 3.63662572e+09  3.61451449e-02 
 3.72137199e+09  3.66219232e-02 
 3.80809314e+09  3.70229949e-02 
 3.89683521e+09  3.73672496e-02 
 3.98764528e+09  3.76574776e-02 
 4.08057155e+09  3.78910077e-02 
 4.17566333e+09  3.80649164e-02 
 4.27297108e+09  3.81768905e-02 
 4.37254645e+09  3.82259350e-02 
 4.47444228e+09  3.82181271e-02 
 4.57871264e+09  3.81793333e-02 
 4.68541287e+09  3.81495260e-02 
 4.79459960e+09  3.81371053e-02 
 4.90633076e+09  3.81224116e-02 
 5.02066566e+09  3.81090353e-02 
 5.13766496e+09  3.81128956e-02 
 5.25739076e+09  3.81248826e-02 
 5.37990660e+09  3.81210686e-02 
 5.50527749e+09  3.80888063e-02 
 5.63356997e+09  3.80282873e-02 
 5.76485211e+09  3.79444038e-02 
 5.89919360e+09  3.78425090e-02 
 6.03666571e+09  3.77284805e-02 
 6.17734142e+09  3.76109260e-02 
 6.32129537e+09  3.75006076e-02 
 6.46860395e+09  3.74032927e-02 
 6.61934535e+09  3.73179550e-02 
 6.77359956e+09  3.72384783e-02 
 6.93144843e+09  3.71567062e-02 
 7.09297575e+09  3.70718946e-02 
 7.25826722e+09  3.69889065e-02 
 7.42741057e+09  3.69137300e-02 
 7.60049556e+09  3.68452379e-02 
 7.77761404e+09  3.65446610e-02 
 7.95886001e+09  2.85354126e-02 
 8.14432966e+09  3.54447717e-02 
 8.33412140e+09  3.57866061e-02 
 8.52833597e+09  3.57434286e-02 
 8.72707642e+09  3.59160920e-02 
 8.93044823e+09  3.58163461e-02 
 9.13855932e+09  3.57451365e-02 
 9.35152014e+09  3.56741443e-02 
 9.56944371e+09  3.56030848e-02 
 9.79244566e+09  3.55326640e-02 
 1.00206443e+10  3.54634467e-02 
 1.02541609e+10  3.53958123e-02 
 1.04931192e+10  3.53300028e-02 
 1.07376460e+10  3.52661654e-02 
 1.09878712e+10  3.52043820e-02 
 1.12439276e+10  3.51446880e-02 
 1.15059509e+10  3.50870850e-02 
 1.17740804e+10  3.50315483e-02 
 1.20484582e+10  3.49780313e-02 
 1.23292299e+10  3.49264663e-02 
 1.26165447e+10  3.48767617e-02 
 1.29105549e+10  3.48287927e-02 
 1.32114166e+10  3.47823790e-02 
 1.35192894e+10  3.47372329e-02 
 1.38343368e+10  3.46928209e-02 
 1.41567259e+10  3.46479289e-02 
 1.44866277e+10  3.45988012e-02 
 1.48242175e+10  3.45245780e-02 
 1.51696743e+10  3.33464844e-02 
 1.55231815e+10  3.45570716e-02 
 1.58849266e+10  3.45151687e-02 
 1.62551017e+10  3.44786984e-02 
 1.66339032e+10  3.44461128e-02 
 1.70215321e+10  3.44160474e-02 
 1.74181941e+10  3.43878848e-02 
 1.78240998e+10  3.43613020e-02 
 1.82394645e+10  3.43361039e-02 
 1.86645086e+10  3.43121578e-02 
 1.90994578e+10  3.42893648e-02 
 1.95445429e+10  3.42676459e-02 
 2.00000000e+10  3.42469345e-02 
