 1.00000000e+08  1.82501900e-02 
 1.02330354e+08  1.82239670e-02 
 1.04715014e+08  1.81829900e-02 
 1.07155245e+08  1.81257644e-02 
 1.09652342e+08  1.80508186e-02 
 1.12207630e+08  1.79567434e-02 
 1.14822466e+08  1.78422368e-02 
 1.17498236e+08  1.77061525e-02 
 1.20236362e+08  1.75475506e-02 
 1.23038295e+08  1.73657479e-02 
 1.25905523e+08  1.71603651e-02 
 1.28839568e+08  1.69313663e-02 
 1.31841987e+08  1.66790903e-02 
 1.34914372e+08  1.64042681e-02 
 1.38058355e+08  1.61080262e-02 
 1.41275604e+08  1.57918739e-02 
 1.44567827e+08  1.54576751e-02 
 1.47936769e+08  1.51076059e-02 
 1.51384220e+08  1.47440995e-02 
 1.54912009e+08  1.43697840e-02 
 1.58522008e+08  1.39874144e-02 
 1.62216133e+08  1.35998049e-02 
 1.65996343e+08  1.32097638e-02 
 1.69864646e+08  1.28200351e-02 
 1.73823095e+08  1.24332480e-02 
 1.77873789e+08  1.20518771e-02 
 1.82018879e+08  1.16782119e-02 
 1.86260564e+08  1.13143371e-02 
 1.90601095e+08  1.09621220e-02 
 1.95042776e+08  1.06232175e-02 
 1.99587964e+08  1.02990604e-02 
 2.04239071e+08  9.99088185e-03 
 2.08998565e+08  9.69972054e-03 
 2.13868972e+08  9.42643848e-03 
 2.18852877e+08  9.17173887e-03 
 2.23952925e+08  8.93618596e-03 
 2.29171822e+08  8.72022718e-03 
 2.34512337e+08  8.52421840e-03 
 2.39977306e+08  8.34845421e-03 
 2.45569627e+08  8.19320667e-03 
 2.51292270e+08  8.05877815e-03 
 2.57148271e+08  7.94557832e-03 
 2.63140737e+08  7.85424328e-03 
 2.69272848e+08  7.78583148e-03 
 2.75547860e+08  7.74216591e-03 
 2.81969102e+08  7.72647253e-03 
 2.88539981e+08  7.74466571e-03 
 2.95263985e+08  7.80818478e-03 
 3.02144683e+08  7.94103562e-03 
 3.09185725e+08  8.20037411e-03 
 3.16390848e+08  8.75455471e-03 
 3.23763876e+08  1.02440748e-02 
 3.31308722e+08  1.38286341e-02 
 3.39029389e+08  1.61924037e-02 
 3.46929975e+08  1.12418398e-02 
 3.55014673e+08  1.03781264e-02 
 3.63287773e+08  8.72348840e-03 
 3.71753666e+08  8.32295301e-03 
 3.80416844e+08  8.23150773e-03 
 3.89281904e+08  8.25877667e-03 
 3.98353552e+08  8.34943042e-03 
 4.07636602e+08  8.48638687e-03 
 4.17135980e+08  8.67082827e-03 
 4.26856726e+08  8.92505973e-03 
 4.36804001e+08  9.33129135e-03 
 4.46983082e+08  1.03098746e-02 
 4.57399372e+08  1.30194001e-02 
 4.68058398e+08  9.91084109e-03 
 4.78965818e+08  9.97901356e-03 
 4.90127419e+08  9.58363168e-03 
 5.01549125e+08  9.82077458e-03 
 5.13236997e+08  1.03582189e-02 
 5.25197238e+08  1.21063381e-02 
 5.37436195e+08  1.06613553e-02 
 5.49960363e+08  1.13645814e-02 
 5.62776388e+08  1.20075539e-02 
 5.75891073e+08  1.43517957e-02 
 5.89311376e+08  1.41381476e-02 
 6.03044419e+08  1.72675742e-02 
 6.17097492e+08  1.17500275e-02 
 6.31478050e+08  9.96597238e-03 
 6.46193727e+08  1.12784576e-02 
 6.61252331e+08  1.29086421e-02 
 6.76661854e+08  1.44974447e-02 
 6.92430473e+08  1.69195289e-02 
 7.08566557e+08  1.78044879e-02 
 7.25078669e+08  2.18564640e-02 
 7.41975572e+08  1.23779230e-02 
 7.59266232e+08  1.32942785e-02 
 7.76959826e+08  1.70942587e-02 
 7.95065744e+08  1.40369200e-02 
 8.13593593e+08  2.19190629e-02 
 8.32553207e+08  1.37939018e-02 
 8.51954648e+08  1.26013055e-02 
 8.71808210e+08  1.21781015e-02 
 8.92124431e+08  1.32994133e-02 
 9.12914092e+08  1.34761321e-02 
 9.34188226e+08  1.54321175e-02 
 9.55958123e+08  1.62617378e-02 
 9.78235335e+08  1.69345174e-02 
 1.00103169e+09  1.49294051e-02 
 1.02435927e+09  1.57436706e-02 
 1.04823047e+09  1.89254679e-02 
 1.07265796e+09  1.57084608e-02 
 1.09765469e+09  1.39730593e-02 
 1.12323393e+09  1.38021664e-02 
 1.14940927e+09  1.67487088e-02 
 1.17619457e+09  1.66478747e-02 
 1.20360408e+09  1.83467143e-02 
 1.23165232e+09  1.72914480e-02 
 1.26035418e+09  1.34950125e-02 
 1.28972490e+09  1.45203704e-02 
 1.31978006e+09  1.58890162e-02 
 1.35053561e+09  1.63475921e-02 
 1.38200788e+09  1.62552844e-02 
 1.41421356e+09  1.64046432e-02 
 1.44716975e+09  1.72630358e-02 
 1.48089393e+09  1.76832898e-02 
 1.51540401e+09  1.85265464e-02 
 1.55071830e+09  1.92370551e-02 
 1.58685553e+09  2.00629536e-02 
 1.62383489e+09  2.11881524e-02 
 1.66167599e+09  2.29976111e-02 
 1.70039893e+09  2.85397998e-02 
 1.74002425e+09  1.73122490e-02 
 1.78057299e+09  2.10490207e-02 
 1.82206665e+09  2.51658007e-02 
 1.86452726e+09  3.80543557e-02 
 1.90797735e+09  1.22794361e-02 
 1.95243999e+09  1.77643285e-02 
 1.99793876e+09  1.95880838e-02 
 2.04449781e+09  2.11363306e-02 
 2.09214185e+09  2.22939394e-02 
 2.14089617e+09  2.31986984e-02 
 2.19078664e+09  2.39808489e-02 
 2.24183974e+09  2.47124216e-02 
 2.29408255e+09  2.54457543e-02 
 2.34754280e+09  2.62116911e-02 
 2.40224887e+09  2.70222476e-02 
 2.45822978e+09  2.78789932e-02 
 2.51551525e+09  2.87803682e-02 
 2.57413567e+09  2.97256337e-02 
 2.63412215e+09  3.07165412e-02 
 2.69550653e+09  3.17582100e-02 
 2.75832139e+09  3.28601824e-02 
 2.82260005e+09  3.40383739e-02 
 2.88837664e+09  3.53190342e-02 
 2.95568605e+09  3.67471101e-02 
 3.02456401e+09  3.84039104e-02 
 3.09504707e+09  4.04426404e-02 
 3.16717263e+09  4.31244435e-02 
 3.24097898e+09  4.60450871e-02 
 3.31650528e+09  3.40532572e-02 
 3.39379160e+09  2.37403868e-02 
 3.47287898e+09  2.82427594e-02 
 3.55380937e+09  3.26931801e-02 
 3.63662572e+09  3.52800670e-02 
 3.72137199e+09  3.70875539e-02 
 3.80809314e+09  3.84911337e-02 
 3.89683521e+09  3.96558910e-02 
 3.98764528e+09  4.06639586e-02 
 4.08057155e+09  4.15567937e-02 
 4.17566333e+09  4.23544472e-02 
 4.27297108e+09  4.30683673e-02 
 4.37254645e+09  4.37083259e-02 
 4.47444228e+09  4.42859322e-02 
 4.57871264e+09  4.48145548e-02 
 4.68541287e+09  4.53030741e-02 
 4.79459960e+09  4.57510137e-02 
 4.90633076e+09  4.61523558e-02 
 5.02066566e+09  4.65007630e-02 
 5.13766496e+09  4.67986044e-02 
 5.25739076e+09  4.70739597e-02 
 5.37990660e+09  4.73466859e-02 
 5.50527749e+09  4.75952081e-02 
 5.63356997e+09  4.78051265e-02 
 5.76485211e+09  4.79767632e-02 
 5.89919360e+09  4.81132929e-02 
 6.03666571e+09  4.82171997e-02 
 6.17734142e+09  4.82905874e-02 
 6.32129537e+09  4.83391035e-02 
 6.46860395e+09  4.83752076e-02 
 6.61934535e+09  4.84143260e-02 
 6.77359956e+09  4.84544953e-02 
 6.93144843e+09  4.84960788e-02 
 7.09297575e+09  4.85409683e-02 
 7.25826722e+09  4.86361511e-02 
 7.42741057e+09  4.87051237e-02 
 7.60049556e+09  4.87572314e-02 
 7.77761404e+09  4.87992236e-02 
 7.95886001e+09  4.88467653e-02 
 8.14432966e+09  4.89332558e-02 
 8.33412140e+09  4.91827406e-02 
 8.52833597e+09  1.48818578e-02 
 8.72707642e+09  4.77416052e-02 
 8.93044823e+09  4.80898618e-02 
 9.13855932e+09  4.81757649e-02 
 9.35152014e+09  4.81947135e-02 
 9.56944371e+09  4.81865771e-02 
 9.79244566e+09  4.81648207e-02 
 1.00206443e+10  4.81353291e-02 
 1.02541609e+10  4.81011415e-02 
 1.04931192e+10  4.80640217e-02 
 1.07376460e+10  4.80250850e-02 
 1.09878712e+10  4.79850827e-02 
 1.12439276e+10  4.79445456e-02 
 1.15059509e+10  4.79038619e-02 
 1.17740804e+10  4.78633230e-02 
 1.20484582e+10  4.78231513e-02 
 1.23292299e+10  4.77835184e-02 
 1.26165447e+10  4.77445572e-02 
 1.29105549e+10  4.77063705e-02 
 1.32114166e+10  4.76690374e-02 
 1.35192894e+10  4.76326178e-02 
 1.38343368e+10  4.75971559e-02 
 1.41567259e+10  4.75626830e-02 
 1.44866277e+10  4.75292199e-02 
 1.48242175e+10  4.74967785e-02 
 1.51696743e+10  4.74653633e-02 
 1.55231815e+10  4.74349727e-02 
 1.58849266e+10  4.74055999e-02 
 1.62551017e+10  4.73772339e-02 
 1.66339032e+10  4.73498602e-02 
 1.70215321e+10  4.73234614e-02 
 1.74181941e+10  4.72980177e-02 
 1.78240998e+10  4.72735074e-02 
 1.82394645e+10  4.72499073e-02 
 1.86645086e+10  4.72271929e-02 
 1.90994578e+10  4.72053389e-02 
 1.95445429e+10  4.71843194e-02 
 2.00000000e+10  4.71641079e-02 
