 1.00000000e+08  2.09454964e-02 
 1.02330354e+08  2.10103900e-02 
 1.04715014e+08  2.10616593e-02 
 1.07155245e+08  2.10968853e-02 
 1.09652342e+08  2.11134972e-02 
 1.12207630e+08  2.11088142e-02 
 1.14822466e+08  2.10801030e-02 
 1.17498236e+08  2.10246518e-02 
 1.20236362e+08  2.09398593e-02 
 1.23038295e+08  2.08233383e-02 
 1.25905523e+08  2.06730274e-02 
 1.28839568e+08  2.04873068e-02 
 1.31841987e+08  2.02651082e-02 
 1.34914372e+08  2.00060104e-02 
 1.38058355e+08  1.97103114e-02 
 1.41275604e+08  1.93790679e-02 
 1.44567827e+08  1.90140971e-02 
 1.47936769e+08  1.86179376e-02 
 1.51384220e+08  1.81937719e-02 
 1.54912009e+08  1.77453153e-02 
 1.58522008e+08  1.72766807e-02 
 1.62216133e+08  1.67922301e-02 
 1.65996343e+08  1.62964244e-02 
 1.69864646e+08  1.57936816e-02 
 1.73823095e+08  1.52882531e-02 
 1.77873789e+08  1.47841213e-02 
 1.82018879e+08  1.42849245e-02 
 1.86260564e+08  1.37939064e-02 
 1.90601095e+08  1.33138901e-02 
 1.95042776e+08  1.28472721e-02 
 1.99587964e+08  1.23960336e-02 
 2.04239071e+08  1.19617628e-02 
 2.08998565e+08  1.15456869e-02 
 2.13868972e+08  1.11487079e-02 
 2.18852877e+08  1.07714413e-02 
 2.23952925e+08  1.04142541e-02 
 2.29171822e+08  1.00773019e-02 
 2.34512337e+08  9.76056402e-03 
 2.39977306e+08  9.46387634e-03 
 2.45569627e+08  9.18696362e-03 
 2.51292270e+08  8.92947334e-03 
 2.57148271e+08  8.69101759e-03 
 2.63140737e+08  8.47123723e-03 
 2.69272848e+08  8.26992309e-03 
 2.75547860e+08  8.08728910e-03 
 2.81969102e+08  7.92468243e-03 
 2.88539981e+08  7.78672490e-03 
 2.95263985e+08  7.68909384e-03 
 3.02144683e+08  7.69563541e-03 
 3.09185725e+08  8.19621109e-03 
 3.16390848e+08  1.43694879e-02 
 3.23763876e+08  1.17045885e-02 
 3.31308722e+08  8.61396911e-03 
 3.39029389e+08  7.97193615e-03 
 3.46929975e+08  7.75705263e-03 
 3.55014673e+08  7.72799300e-03 
 3.63287773e+08  7.92836784e-03 
 3.71753666e+08  8.94860925e-03 
 3.80416844e+08  1.77790449e-02 
 3.89281904e+08  1.05777049e-02 
 3.98353552e+08  8.25157700e-03 
 4.07636602e+08  1.10718087e-02 
 4.17135980e+08  7.99639212e-03 
 4.26856726e+08  7.84833234e-03 
 4.36804001e+08  7.92174886e-03 
 4.46983082e+08  8.15241078e-03 
 4.57399372e+08  8.99010432e-03 
 4.68058398e+08  9.99426400e-03 
 4.78965818e+08  1.12011685e-02 
 4.90127419e+08  1.37710818e-02 
 5.01549125e+08  8.87790988e-03 
 5.13236997e+08  8.54426392e-03 
 5.25197238e+08  1.02123375e-02 
 5.37436195e+08  9.19456459e-03 
 5.49960363e+08  1.06107311e-02 
 5.62776388e+08  1.26144975e-02 
 5.75891073e+08  1.38787602e-02 
 5.89311376e+08  8.91350832e-03 
 6.03044419e+08  1.06460070e-02 
 6.17097492e+08  9.51933219e-03 
 6.31478050e+08  9.55219646e-03 
 6.46193727e+08  1.02199360e-02 
 6.61252331e+08  9.96385016e-03 
 6.76661854e+08  1.06794544e-02 
 6.92430473e+08  1.25582767e-02 
 7.08566557e+08  1.55594123e-02 
 7.25078669e+08  2.22463146e-02 
 7.41975572e+08  1.09514191e-02 
 7.59266232e+08  9.27522220e-03 
 7.76959826e+08  1.10935255e-02 
 7.95065744e+08  1.89198110e-02 
 8.13593593e+08  1.58530118e-02 
 8.32553207e+08  9.40344222e-03 
 8.51954648e+08  1.12174580e-02 
 8.71808210e+08  1.21981839e-02 
 8.92124431e+08  1.41293589e-02 
 9.12914092e+08  1.74056713e-02 
 9.34188226e+08  1.47508467e-02 
 9.55958123e+08  1.99725999e-02 
 9.78235335e+08  1.53818452e-02 
 1.00103169e+09  9.98732276e-03 
 1.02435927e+09  1.10159515e-02 
 1.04823047e+09  1.09687237e-02 
 1.07265796e+09  1.22028688e-02 
 1.09765469e+09  1.37845039e-02 
 1.12323393e+09  1.28648751e-02 
 1.14940927e+09  1.27248318e-02 
 1.17619457e+09  1.45596866e-02 
 1.20360408e+09  1.32836008e-02 
 1.23165232e+09  1.28236488e-02 
 1.26035418e+09  1.37685690e-02 
 1.28972490e+09  1.42293082e-02 
 1.31978006e+09  1.57035401e-02 
 1.35053561e+09  1.62628097e-02 
 1.38200788e+09  1.65494531e-02 
 1.41421356e+09  1.78074925e-02 
 1.44716975e+09  1.99993213e-02 
 1.48089393e+09  2.27667038e-02 
 1.51540401e+09  2.68238782e-02 
 1.55071830e+09  3.36177886e-02 
 1.58685553e+09  3.86630751e-02 
 1.62383489e+09  1.57234612e-02 
 1.66167599e+09  9.51941609e-03 
 1.70039893e+09  1.03307984e-02 
 1.74002425e+09  1.26834663e-02 
 1.78057299e+09  1.44673006e-02 
 1.82206665e+09  1.57435540e-02 
 1.86452726e+09  1.64420907e-02 
 1.90797735e+09  1.73959747e-02 
 1.95243999e+09  1.91938961e-02 
 1.99793876e+09  1.78990490e-02 
 2.04449781e+09  1.93142566e-02 
 2.09214185e+09  2.12020885e-02 
 2.14089617e+09  2.12370330e-02 
 2.19078664e+09  2.24199547e-02 
 2.24183974e+09  2.34659369e-02 
 2.29408255e+09  2.45128200e-02 
 2.34754280e+09  2.56240829e-02 
 2.40224887e+09  2.58361957e-02 
 2.45822978e+09  2.38741257e-02 
 2.51551525e+09  2.61465120e-02 
 2.57413567e+09  2.73378489e-02 
 2.63412215e+09  2.82503043e-02 
 2.69550653e+09  2.90397946e-02 
 2.75832139e+09  2.97518258e-02 
 2.82260005e+09  3.04043980e-02 
 2.88837664e+09  3.10065855e-02 
 2.95568605e+09  3.15641052e-02 
 3.02456401e+09  3.20812688e-02 
 3.09504707e+09  3.25616993e-02 
 3.16717263e+09  3.30085716e-02 
 3.24097898e+09  3.34246692e-02 
 3.31650528e+09  3.38123784e-02 
 3.39379160e+09  3.41736777e-02 
 3.47287898e+09  3.45101437e-02 
 3.55380937e+09  3.48229800e-02 
 3.63662572e+09  3.51130665e-02 
 3.72137199e+09  3.53810229e-02 
 3.80809314e+09  3.56272789e-02 
 3.89683521e+09  3.58521442e-02 
 3.98764528e+09  3.60558740e-02 
 4.08057155e+09  3.62387246e-02 
 4.17566333e+09  3.64009989e-02 
 4.27297108e+09  3.65430795e-02 
 4.37254645e+09  3.66654505e-02 
 4.47444228e+09  3.67687084e-02 
 4.57871264e+09  3.68535650e-02 
 4.68541287e+09  3.69208418e-02 
 4.79459960e+09  3.69714604e-02 
 4.90633076e+09  3.70064277e-02 
 5.02066566e+09  3.70268206e-02 
 5.13766496e+09  3.70337684e-02 
 5.25739076e+09  3.70284366e-02 
 5.37990660e+09  3.70120110e-02 
 5.50527749e+09  3.69856829e-02 
 5.63356997e+09  3.69506357e-02 
 5.76485211e+09  3.69080295e-02 
 5.89919360e+09  3.68589816e-02 
 6.03666571e+09  3.68045309e-02 
 6.17734142e+09  3.67454529e-02 
 6.32129537e+09  3.66826138e-02 
 6.46860395e+09  3.66152594e-02 
 6.61934535e+09  3.65397941e-02 
 6.77359956e+09  3.64290555e-02 
 6.93144843e+09  3.64974980e-02 
 7.09297575e+09  3.63972408e-02 
 7.25826722e+09  3.57729114e-02 
 7.42741057e+09  3.24218712e-02 
 7.60049556e+09  1.43108950e-02 
 7.77761404e+09  3.18055475e-02 
 7.95886001e+09  3.41150199e-02 
 8.14432966e+09  3.46992106e-02 
 8.33412140e+09  3.50797229e-02 
 8.52833597e+09  3.53237659e-02 
 8.72707642e+09  2.21770947e-02 
 8.93044823e+09  3.33707362e-02 
 9.13855932e+09  3.40537521e-02 
 9.35152014e+09  3.42519583e-02 
 9.56944371e+09  3.43050996e-02 
 9.79244566e+09  3.43059338e-02 
 1.00206443e+10  3.42917262e-02 
 1.02541609e+10  3.42615240e-02 
 1.04931192e+10  3.42224716e-02 
 1.07376460e+10  3.41779618e-02 
 1.09878712e+10  3.41299986e-02 
 1.12439276e+10  3.40798434e-02 
 1.15059509e+10  3.40283081e-02 
 1.17740804e+10  3.39759029e-02 
 1.20484582e+10  3.39229089e-02 
 1.23292299e+10  3.38693972e-02 
 1.26165447e+10  3.38151956e-02 
 1.29105549e+10  3.37597656e-02 
 1.32114166e+10  3.37018797e-02 
 1.35192894e+10  3.36387257e-02 
 1.38343368e+10  3.35629648e-02 
 1.41567259e+10  3.34496934e-02 
 1.44866277e+10  3.31545395e-02 
 1.48242175e+10  2.95506244e-02 
 1.51696743e+10  3.33047720e-02 
 1.55231815e+10  3.34628212e-02 
 1.58849266e+10  3.34452949e-02 
 1.62551017e+10  3.34081647e-02 
 1.66339032e+10  3.33692212e-02 
 1.70215321e+10  3.33311551e-02 
 1.74181941e+10  3.32944674e-02 
 1.78240998e+10  3.32592052e-02 
 1.82394645e+10  3.32253117e-02 
 1.86645086e+10  3.31927116e-02 
 1.90994578e+10  3.31613326e-02 
 1.95445429e+10  3.31311097e-02 
 2.00000000e+10  3.31019854e-02 
