 1.00000000e+08  2.10884371e-02 
 1.02330354e+08  2.11545374e-02 
 1.04715014e+08  2.12068211e-02 
 1.07155245e+08  2.12428405e-02 
 1.09652342e+08  2.12599948e-02 
 1.12207630e+08  2.12555720e-02 
 1.14822466e+08  2.12268073e-02 
 1.17498236e+08  2.11709574e-02 
 1.20236362e+08  2.10853914e-02 
 1.23038295e+08  2.09676945e-02 
 1.25905523e+08  2.08157817e-02 
 1.28839568e+08  2.06280146e-02 
 1.31841987e+08  2.04033121e-02 
 1.34914372e+08  2.01412480e-02 
 1.38058355e+08  1.98421229e-02 
 1.41275604e+08  1.95070049e-02 
 1.44567827e+08  1.91377312e-02 
 1.47936769e+08  1.87368691e-02 
 1.51384220e+08  1.83076373e-02 
 1.54912009e+08  1.78537942e-02 
 1.58522008e+08  1.73795012e-02 
 1.62216133e+08  1.68891732e-02 
 1.65996343e+08  1.63873267e-02 
 1.69864646e+08  1.58784371e-02 
 1.73823095e+08  1.53668133e-02 
 1.77873789e+08  1.48564953e-02 
 1.82018879e+08  1.43511780e-02 
 1.86260564e+08  1.38541603e-02 
 1.90601095e+08  1.33683196e-02 
 1.95042776e+08  1.28961057e-02 
 1.99587964e+08  1.24395523e-02 
 2.04239071e+08  1.20003006e-02 
 2.08998565e+08  1.15796315e-02 
 2.13868972e+08  1.11785027e-02 
 2.18852877e+08  1.07975883e-02 
 2.23952925e+08  1.04373186e-02 
 2.29171822e+08  1.00979194e-02 
 2.34512337e+08  9.77944940e-03 
 2.39977306e+08  9.48183752e-03 
 2.45569627e+08  9.20492128e-03 
 2.51292270e+08  8.94849059e-03 
 2.57148271e+08  8.71234639e-03 
 2.63140737e+08  8.49639425e-03 
 2.69272848e+08  8.30082128e-03 
 2.75547860e+08  8.12648203e-03 
 2.81969102e+08  7.97586060e-03 
 2.88539981e+08  7.85584814e-03 
 2.95263985e+08  7.78742214e-03 
 3.02144683e+08  7.84992823e-03 
 3.09185725e+08  8.49707260e-03 
 3.16390848e+08  1.53028533e-02 
 3.23763876e+08  1.20072893e-02 
 3.31308722e+08  8.70765800e-03 
 3.39029389e+08  8.06315425e-03 
 3.46929975e+08  7.88132321e-03 
 3.55014673e+08  7.91296541e-03 
 3.63287773e+08  8.23256218e-03 
 3.71753666e+08  9.57707885e-03 
 3.80416844e+08  1.99227634e-02 
 3.89281904e+08  1.11533212e-02 
 3.98353552e+08  8.45505300e-03 
 4.07636602e+08  1.20054799e-02 
 4.17135980e+08  8.17853864e-03 
 4.26856726e+08  8.04213176e-03 
 4.36804001e+08  8.20760095e-03 
 4.46983082e+08  8.71203777e-03 
 4.57399372e+08  1.10936018e-02 
 4.68058398e+08  1.34991222e-02 
 4.78965818e+08  9.12311854e-03 
 4.90127419e+08  9.18608869e-03 
 5.01549125e+08  8.55675340e-03 
 5.13236997e+08  8.89037628e-03 
 5.25197238e+08  1.03172822e-02 
 5.37436195e+08  9.86374318e-03 
 5.49960363e+08  1.16663839e-02 
 5.62776388e+08  1.45027057e-02 
 5.75891073e+08  1.44058462e-02 
 5.89311376e+08  9.68089894e-03 
 6.03044419e+08  1.26266800e-02 
 6.17097492e+08  1.49977596e-02 
 6.31478050e+08  1.54948544e-02 
 6.46193727e+08  1.19772794e-02 
 6.61252331e+08  1.15004793e-02 
 6.76661854e+08  1.41911545e-02 
 6.92430473e+08  7.67283089e-03 
 7.08566557e+08  9.05527985e-03 
 7.25078669e+08  1.09542023e-02 
 7.41975572e+08  1.12322051e-02 
 7.59266232e+08  1.36920100e-02 
 7.76959826e+08  1.84970511e-02 
 7.95065744e+08  9.15931509e-03 
 8.13593593e+08  1.13197129e-02 
 8.32553207e+08  9.85104225e-03 
 8.51954648e+08  1.20179168e-02 
 8.71808210e+08  1.55650371e-02 
 8.92124431e+08  1.52108183e-02 
 9.12914092e+08  2.00556263e-02 
 9.34188226e+08  2.17667328e-02 
 9.55958123e+08  9.48374557e-03 
 9.78235335e+08  1.05299560e-02 
 1.00103169e+09  1.25846502e-02 
 1.02435927e+09  1.27713586e-02 
 1.04823047e+09  1.22340869e-02 
 1.07265796e+09  1.32255433e-02 
 1.09765469e+09  1.64293981e-02 
 1.12323393e+09  1.17075380e-02 
 1.14940927e+09  1.37697869e-02 
 1.17619457e+09  1.50863528e-02 
 1.20360408e+09  1.50831624e-02 
 1.23165232e+09  1.52988855e-02 
 1.26035418e+09  1.78435213e-02 
 1.28972490e+09  1.88403264e-02 
 1.31978006e+09  3.22126036e-02 
 1.35053561e+09  1.02858737e-02 
 1.38200788e+09  1.06945774e-02 
 1.41421356e+09  1.25779038e-02 
 1.44716975e+09  1.39641064e-02 
 1.48089393e+09  1.54743034e-02 
 1.51540401e+09  1.68043999e-02 
 1.55071830e+09  1.78071900e-02 
 1.58685553e+09  1.68286513e-02 
 1.62383489e+09  1.78269727e-02 
 1.66167599e+09  1.93361109e-02 
 1.70039893e+09  1.94345800e-02 
 1.74002425e+09  2.09784365e-02 
 1.78057299e+09  2.25482695e-02 
 1.82206665e+09  2.44642631e-02 
 1.86452726e+09  1.64700936e-02 
 1.90797735e+09  2.14278298e-02 
 1.95243999e+09  2.59040983e-02 
 1.99793876e+09  1.92731520e-02 
 2.04449781e+09  2.05177616e-02 
 2.09214185e+09  2.29635745e-02 
 2.14089617e+09  2.46248013e-02 
 2.19078664e+09  2.60596857e-02 
 2.24183974e+09  2.74077681e-02 
 2.29408255e+09  2.87911204e-02 
 2.34754280e+09  3.03673703e-02 
 2.40224887e+09  3.06323862e-02 
 2.45822978e+09  2.50453444e-02 
 2.51551525e+09  2.88523309e-02 
 2.57413567e+09  3.05157484e-02 
 2.63412215e+09  3.16159254e-02 
 2.69550653e+09  3.24722188e-02 
 2.75832139e+09  3.31796766e-02 
 2.82260005e+09  3.37765952e-02 
 2.88837664e+09  3.42824885e-02 
 2.95568605e+09  3.47096068e-02 
 3.02456401e+09  3.50670758e-02 
 3.09504707e+09  3.53625053e-02 
 3.16717263e+09  3.56026134e-02 
 3.24097898e+09  3.57934475e-02 
 3.31650528e+09  3.59404490e-02 
 3.39379160e+09  3.60484717e-02 
 3.47287898e+09  3.61218009e-02 
 3.55380937e+09  3.61641887e-02 
 3.63662572e+09  3.61789080e-02 
 3.72137199e+09  3.61688179e-02 
 3.80809314e+09  3.61364332e-02 
 3.89683521e+09  3.60839927e-02 
 3.98764528e+09  3.60135186e-02 
 4.08057155e+09  3.59268663e-02 
 4.17566333e+09  3.58257622e-02 
 4.27297108e+09  3.57118308e-02 
 4.37254645e+09  3.55866124e-02 
 4.47444228e+09  3.54515723e-02 
 4.57871264e+09  3.53081048e-02 
 4.68541287e+09  3.51575332e-02 
 4.79459960e+09  3.50011078e-02 
 4.90633076e+09  3.48400021e-02 
 5.02066566e+09  3.46753103e-02 
 5.13766496e+09  3.45080441e-02 
 5.25739076e+09  3.43391317e-02 
 5.37990660e+09  3.41694167e-02 
 5.50527749e+09  3.39996591e-02 
 5.63356997e+09  3.38305368e-02 
 5.76485211e+09  3.36626478e-02 
 5.89919360e+09  3.34965117e-02 
 6.03666571e+09  3.33325691e-02 
 6.17734142e+09  3.31711145e-02 
 6.32129537e+09  3.30125577e-02 
 6.46860395e+09  3.28566335e-02 
 6.61934535e+09  3.27020434e-02 
 6.77359956e+09  3.25349168e-02 
 6.93144843e+09  3.24877384e-02 
 7.09297575e+09  2.05163066e-02 
 7.25826722e+09  3.19125017e-02 
 7.42741057e+09  3.18795002e-02 
 7.60049556e+09  3.20257824e-02 
 7.77761404e+09  3.17612438e-02 
 7.95886001e+09  3.16535750e-02 
 8.14432966e+09  3.14350924e-02 
 8.33412140e+09  3.13679994e-02 
 8.52833597e+09  3.13570274e-02 
 8.72707642e+09  3.09543963e-02 
 8.93044823e+09  3.11509433e-02 
 9.13855932e+09  3.10504006e-02 
 9.35152014e+09  3.09372654e-02 
 9.56944371e+09  3.08586245e-02 
 9.79244566e+09  3.07732002e-02 
 1.00206443e+10  3.06871293e-02 
 1.02541609e+10  3.06053942e-02 
 1.04931192e+10  3.05271587e-02 
 1.07376460e+10  3.04521050e-02 
 1.09878712e+10  3.03799976e-02 
 1.12439276e+10  3.03106232e-02 
 1.15059509e+10  3.02437673e-02 
 1.17740804e+10  3.01791954e-02 
 1.20484582e+10  3.01166293e-02 
 1.23292299e+10  3.00557096e-02 
 1.26165447e+10  2.99959249e-02 
 1.29105549e+10  2.99364681e-02 
 1.32114166e+10  2.98759036e-02 
 1.35192894e+10  2.98112871e-02 
 1.38343368e+10  2.97353292e-02 
 1.41567259e+10  2.96240119e-02 
 1.44866277e+10  2.93416925e-02 
 1.48242175e+10  2.61106775e-02 
 1.51696743e+10  2.90540128e-02 
 1.55231815e+10  2.96149544e-02 
 1.58849266e+10  2.96290629e-02 
 1.62551017e+10  2.95979220e-02 
 1.66339032e+10  2.95633075e-02 
 1.70215321e+10  2.95295160e-02 
 1.74181941e+10  2.94972800e-02 
 1.78240998e+10  2.94666713e-02 
 1.82394645e+10  2.94376155e-02 
 1.86645086e+10  2.94100111e-02 
 1.90994578e+10  2.93837589e-02 
 1.95445429e+10  2.93587695e-02 
 2.00000000e+10  2.93349630e-02 
