 1.00000000e+08  2.11387271e-02 
 1.02330354e+08  2.12027129e-02 
 1.04715014e+08  2.12528258e-02 
 1.07155245e+08  2.12866244e-02 
 1.09652342e+08  2.13015156e-02 
 1.12207630e+08  2.12947978e-02 
 1.14822466e+08  2.12637186e-02 
 1.17498236e+08  2.12055500e-02 
 1.20236362e+08  2.11176790e-02 
 1.23038295e+08  2.09977115e-02 
 1.25905523e+08  2.08435861e-02 
 1.28839568e+08  2.06536904e-02 
 1.31841987e+08  2.04269719e-02 
 1.34914372e+08  2.01630342e-02 
 1.38058355e+08  1.98622096e-02 
 1.41275604e+08  1.95255981e-02 
 1.44567827e+08  1.91550688e-02 
 1.47936769e+08  1.87532200e-02 
 1.51384220e+08  1.83232998e-02 
 1.54912009e+08  1.78690938e-02 
 1.58522008e+08  1.73947883e-02 
 1.62216133e+08  1.69048196e-02 
 1.65996343e+08  1.64037228e-02 
 1.69864646e+08  1.58959883e-02 
 1.73823095e+08  1.53859368e-02 
 1.77873789e+08  1.48776168e-02 
 1.82018879e+08  1.43747284e-02 
 1.86260564e+08  1.38805727e-02 
 1.90601095e+08  1.33980260e-02 
 1.95042776e+08  1.29295339e-02 
 1.99587964e+08  1.24771226e-02 
 2.04239071e+08  1.20424224e-02 
 2.08998565e+08  1.16266991e-02 
 2.13868972e+08  1.12308911e-02 
 2.18852877e+08  1.08556482e-02 
 2.23952925e+08  1.05013707e-02 
 2.29171822e+08  1.01682473e-02 
 2.34512337e+08  9.85629169e-03 
 2.39977306e+08  9.56537737e-03 
 2.45569627e+08  9.29527348e-03 
 2.51292270e+08  9.04568394e-03 
 2.57148271e+08  8.81629857e-03 
 2.63140737e+08  8.60687336e-03 
 2.69272848e+08  8.41738177e-03 
 2.75547860e+08  8.24834763e-03 
 2.81969102e+08  8.10168531e-03 
 2.88539981e+08  7.98315715e-03 
 2.95263985e+08  7.91104925e-03 
 3.02144683e+08  7.95641531e-03 
 3.09185725e+08  8.53574168e-03 
 3.16390848e+08  1.49694364e-02 
 3.23763876e+08  1.19381294e-02 
 3.31308722e+08  8.79972827e-03 
 3.39029389e+08  8.17389417e-03 
 3.46929975e+08  7.97239397e-03 
 3.55014673e+08  7.94396435e-03 
 3.63287773e+08  8.10902369e-03 
 3.71753666e+08  8.94011382e-03 
 3.80416844e+08  1.64558052e-02 
 3.89281904e+08  1.02928882e-02 
 3.98353552e+08  8.42898149e-03 
 4.07636602e+08  1.04615480e-02 
 4.17135980e+08  8.29386500e-03 
 4.26856726e+08  8.25244297e-03 
 4.36804001e+08  8.38828185e-03 
 4.46983082e+08  8.69732223e-03 
 4.57399372e+08  9.45088481e-03 
 4.68058398e+08  1.07045179e-02 
 4.78965818e+08  1.17292787e-02 
 4.90127419e+08  1.38970855e-02 
 5.01549125e+08  9.23908366e-03 
 5.13236997e+08  9.09082385e-03 
 5.25197238e+08  1.08838714e-02 
 5.37436195e+08  9.78366815e-03 
 5.49960363e+08  1.15501523e-02 
 5.62776388e+08  1.37375040e-02 
 5.75891073e+08  1.44268490e-02 
 5.89311376e+08  9.37388494e-03 
 6.03044419e+08  1.04009027e-02 
 6.17097492e+08  1.09062046e-02 
 6.31478050e+08  1.10193776e-02 
 6.46193727e+08  1.26644935e-02 
 6.61252331e+08  1.19448163e-02 
 6.76661854e+08  1.13197307e-02 
 6.92430473e+08  1.58007515e-02 
 7.08566557e+08  1.13487829e-02 
 7.25078669e+08  1.42700155e-02 
 7.41975572e+08  1.47234014e-02 
 7.59266232e+08  2.28965459e-02 
 7.76959826e+08  1.01910585e-02 
 7.95065744e+08  1.25537444e-02 
 8.13593593e+08  1.21930178e-02 
 8.32553207e+08  1.28967076e-02 
 8.51954648e+08  1.68452879e-02 
 8.71808210e+08  1.61384726e-02 
 8.92124431e+08  1.89241410e-02 
 9.12914092e+08  2.28070968e-02 
 9.34188226e+08  1.93417727e-02 
 9.55958123e+08  2.40368379e-02 
 9.78235335e+08  1.51774153e-02 
 1.00103169e+09  2.27729646e-02 
 1.02435927e+09  2.05545373e-02 
 1.04823047e+09  1.76991049e-02 
 1.07265796e+09  1.16373716e-02 
 1.09765469e+09  1.67673742e-02 
 1.12323393e+09  1.61576742e-02 
 1.14940927e+09  2.26764663e-02 
 1.17619457e+09  2.78547525e-02 
 1.20360408e+09  2.71218465e-02 
 1.23165232e+09  1.76535410e-02 
 1.26035418e+09  1.67319628e-02 
 1.28972490e+09  2.31716020e-02 
 1.31978006e+09  8.26181225e-03 
 1.35053561e+09  1.30651008e-02 
 1.38200788e+09  1.07004237e-02 
 1.41421356e+09  1.42172655e-02 
 1.44716975e+09  1.72701526e-02 
 1.48089393e+09  2.02975069e-02 
 1.51540401e+09  2.29909647e-02 
 1.55071830e+09  2.40583218e-02 
 1.58685553e+09  1.98854484e-02 
 1.62383489e+09  2.29999233e-02 
 1.66167599e+09  2.03570762e-02 
 1.70039893e+09  2.28137829e-02 
 1.74002425e+09  2.13716284e-02 
 1.78057299e+09  2.01463446e-02 
 1.82206665e+09  1.77218946e-02 
 1.86452726e+09  1.82765409e-02 
 1.90797735e+09  1.99000808e-02 
 1.95243999e+09  1.58538781e-02 
 1.99793876e+09  1.67142604e-02 
 2.04449781e+09  1.77849550e-02 
 2.09214185e+09  1.84494295e-02 
 2.14089617e+09  1.89249656e-02 
 2.19078664e+09  1.95565616e-02 
 2.24183974e+09  2.02052037e-02 
 2.29408255e+09  2.08800814e-02 
 2.34754280e+09  2.15550820e-02 
 2.40224887e+09  2.16921310e-02 
 2.45822978e+09  2.21089043e-02 
 2.51551525e+09  2.33177266e-02 
 2.57413567e+09  2.41413618e-02 
 2.63412215e+09  2.48845503e-02 
 2.69550653e+09  2.55905285e-02 
 2.75832139e+09  2.62680983e-02 
 2.82260005e+09  2.69186127e-02 
 2.88837664e+09  2.75414726e-02 
 2.95568605e+09  2.81356605e-02 
 3.02456401e+09  2.87002264e-02 
 3.09504707e+09  2.92344263e-02 
 3.16717263e+09  2.97377330e-02 
 3.24097898e+09  3.02098049e-02 
 3.31650528e+09  3.06504476e-02 
 3.39379160e+09  3.10595869e-02 
 3.47287898e+09  3.14372549e-02 
 3.55380937e+09  3.17835911e-02 
 3.63662572e+09  3.20988524e-02 
 3.72137199e+09  3.23834281e-02 
 3.80809314e+09  3.26378547e-02 
 3.89683521e+09  3.28628268e-02 
 3.98764528e+09  3.30592018e-02 
 4.08057155e+09  3.32279980e-02 
 4.17566333e+09  3.33703841e-02 
 4.27297108e+09  3.34876638e-02 
 4.37254645e+09  3.35812547e-02 
 4.47444228e+09  3.36526634e-02 
 4.57871264e+09  3.37034598e-02 
 4.68541287e+09  3.37352506e-02 
 4.79459960e+09  3.37496536e-02 
 4.90633076e+09  3.37482748e-02 
 5.02066566e+09  3.37326873e-02 
 5.13766496e+09  3.37044136e-02 
 5.25739076e+09  3.36649106e-02 
 5.37990660e+09  3.36155579e-02 
 5.50527749e+09  3.35576483e-02 
 5.63356997e+09  3.34923800e-02 
 5.76485211e+09  3.34208495e-02 
 5.89919360e+09  3.33440433e-02 
 6.03666571e+09  3.32628228e-02 
 6.17734142e+09  3.31778241e-02 
 6.32129537e+09  3.30897483e-02 
 6.46860395e+09  3.29983953e-02 
 6.61934535e+09  3.29024328e-02 
 6.77359956e+09  3.27893116e-02 
 6.93144843e+09  3.27792016e-02 
 7.09297575e+09  3.26922008e-02 
 7.25826722e+09  3.25190264e-02 
 7.42741057e+09  3.23599065e-02 
 7.60049556e+09  3.26246031e-02 
 7.77761404e+09  3.21581588e-02 
 7.95886001e+09  3.16087746e-02 
 8.14432966e+09  3.19326040e-02 
 8.33412140e+09  3.21071698e-02 
 8.52833597e+09  2.93336143e-02 
 8.72707642e+09  2.56671307e-02 
 8.93044823e+09  3.06612299e-02 
 9.13855932e+09  3.11529576e-02 
 9.35152014e+09  3.01225605e-02 
 9.56944371e+09  3.12751300e-02 
 9.79244566e+09  3.12681463e-02 
 1.00206443e+10  3.12374763e-02 
 1.02541609e+10  3.11974219e-02 
 1.04931192e+10  3.11524522e-02 
 1.07376460e+10  3.11049449e-02 
 1.09878712e+10  3.10562446e-02 
 1.12439276e+10  3.10071398e-02 
 1.15059509e+10  3.09580893e-02 
 1.17740804e+10  3.09093327e-02 
 1.20484582e+10  3.08609380e-02 
 1.23292299e+10  3.08128038e-02 
 1.26165447e+10  3.07646083e-02 
 1.29105549e+10  3.07156631e-02 
 1.32114166e+10  3.06645376e-02 
 1.35192894e+10  3.06080075e-02 
 1.38343368e+10  3.05375171e-02 
 1.41567259e+10  3.04230015e-02 
 1.44866277e+10  3.00810466e-02 
 1.48242175e+10  2.49663252e-02 
 1.51696743e+10  3.01195403e-02 
 1.55231815e+10  3.02573151e-02 
 1.58849266e+10  3.03860880e-02 
 1.62551017e+10  3.03852090e-02 
 1.66339032e+10  3.03659327e-02 
 1.70215321e+10  3.03418608e-02 
 1.74181941e+10  3.03165354e-02 
 1.78240998e+10  3.02911762e-02 
 1.82394645e+10  3.02662683e-02 
 1.86645086e+10  3.02420184e-02 
 1.90994578e+10  3.02185136e-02 
 1.95445429e+10  3.01957850e-02 
 2.00000000e+10  3.01738361e-02 
