 1.00000000e+08  2.10186090e-02 
 1.02330354e+08  2.10870486e-02 
 1.04715014e+08  2.11419803e-02 
 1.07155245e+08  2.11809745e-02 
 1.09652342e+08  2.12014463e-02 
 1.12207630e+08  2.12006975e-02 
 1.14822466e+08  2.11759738e-02 
 1.17498236e+08  2.11245386e-02 
 1.20236362e+08  2.10437624e-02 
 1.23038295e+08  2.09312262e-02 
 1.25905523e+08  2.07848342e-02 
 1.28839568e+08  2.06029301e-02 
 1.31841987e+08  2.03844075e-02 
 1.34914372e+08  2.01288068e-02 
 1.38058355e+08  1.98363886e-02 
 1.41275604e+08  1.95081740e-02 
 1.44567827e+08  1.91459473e-02 
 1.47936769e+08  1.87522185e-02 
 1.51384220e+08  1.83301458e-02 
 1.54912009e+08  1.78834248e-02 
 1.58522008e+08  1.74161540e-02 
 1.62216133e+08  1.69326856e-02 
 1.65996343e+08  1.64374750e-02 
 1.69864646e+08  1.59349385e-02 
 1.73823095e+08  1.54293281e-02 
 1.77873789e+08  1.49246295e-02 
 1.82018879e+08  1.44244846e-02 
 1.86260564e+08  1.39321417e-02 
 1.90601095e+08  1.34504275e-02 
 1.95042776e+08  1.29817415e-02 
 1.99587964e+08  1.25280657e-02 
 2.04239071e+08  1.20909875e-02 
 2.08998565e+08  1.16717305e-02 
 2.13868972e+08  1.12711903e-02 
 2.18852877e+08  1.08899720e-02 
 2.23952925e+08  1.05284282e-02 
 2.29171822e+08  1.01866944e-02 
 2.34512337e+08  9.86472264e-03 
 2.39977306e+08  9.56231121e-03 
 2.45569627e+08  9.27913213e-03 
 2.51292270e+08  9.01475677e-03 
 2.57148271e+08  8.76868325e-03 
 2.63140737e+08  8.54037369e-03 
 2.69272848e+08  8.32932317e-03 
 2.75547860e+08  8.13522264e-03 
 2.81969102e+08  7.95841389e-03 
 2.88539981e+08  7.80136030e-03 
 2.95263985e+08  7.67433393e-03 
 3.02144683e+08  7.62415820e-03 
 3.09185725e+08  7.96354619e-03 
 3.16390848e+08  1.33279734e-02 
 3.23763876e+08  1.13548308e-02 
 3.31308722e+08  8.56785209e-03 
 3.39029389e+08  7.97017146e-03 
 3.46929975e+08  7.76536191e-03 
 3.55014673e+08  7.74316115e-03 
 3.63287773e+08  7.96520147e-03 
 3.71753666e+08  9.08387554e-03 
 3.80416844e+08  1.85997179e-02 
 3.89281904e+08  1.08881042e-02 
 3.98353552e+08  8.30697882e-03 
 4.07636602e+08  1.10011148e-02 
 4.17135980e+08  7.98926282e-03 
 4.26856726e+08  7.84740330e-03 
 4.36804001e+08  7.95715658e-03 
 4.46983082e+08  8.30824183e-03 
 4.57399372e+08  9.65771451e-03 
 4.68058398e+08  1.12138650e-02 
 4.78965818e+08  1.24166852e-02 
 4.90127419e+08  1.64279706e-02 
 5.01549125e+08  9.14663273e-03 
 5.13236997e+08  8.12563370e-03 
 5.25197238e+08  8.77198656e-03 
 5.37436195e+08  1.03724778e-02 
 5.49960363e+08  8.36046974e-03 
 5.62776388e+08  8.29462250e-03 
 5.75891073e+08  8.37395193e-03 
 5.89311376e+08  8.25354258e-03 
 6.03044419e+08  9.05325829e-03 
 6.17097492e+08  9.90625476e-03 
 6.31478050e+08  9.09533572e-03 
 6.46193727e+08  1.11631253e-02 
 6.61252331e+08  9.32834496e-03 
 6.76661854e+08  9.53266215e-03 
 6.92430473e+08  1.07826403e-02 
 7.08566557e+08  9.28967199e-03 
 7.25078669e+08  1.03021408e-02 
 7.41975572e+08  1.00077692e-02 
 7.59266232e+08  1.04290565e-02 
 7.76959826e+08  1.10824490e-02 
 7.95065744e+08  1.19574966e-02 
 8.13593593e+08  1.13476375e-02 
 8.32553207e+08  1.12997947e-02 
 8.51954648e+08  1.36937908e-02 
 8.71808210e+08  1.45665415e-02 
 8.92124431e+08  1.49277397e-02 
 9.12914092e+08  1.77293174e-02 
 9.34188226e+08  1.44281274e-02 
 9.55958123e+08  1.84223486e-02 
 9.78235335e+08  1.29939319e-02 
 1.00103169e+09  1.70368769e-02 
 1.02435927e+09  1.76991507e-02 
 1.04823047e+09  1.98450712e-02 
 1.07265796e+09  9.25030798e-03 
 1.09765469e+09  1.08746329e-02 
 1.12323393e+09  1.14001978e-02 
 1.14940927e+09  1.49021111e-02 
 1.17619457e+09  1.41392256e-02 
 1.20360408e+09  1.44053966e-02 
 1.23165232e+09  1.48490454e-02 
 1.26035418e+09  1.97991489e-02 
 1.28972490e+09  1.53072554e-02 
 1.31978006e+09  1.17492359e-02 
 1.35053561e+09  2.34993342e-02 
 1.38200788e+09  1.07552301e-02 
 1.41421356e+09  1.23330528e-02 
 1.44716975e+09  1.36646650e-02 
 1.48089393e+09  1.48673933e-02 
 1.51540401e+09  1.59987141e-02 
 1.55071830e+09  1.68482458e-02 
 1.58685553e+09  1.55872155e-02 
 1.62383489e+09  1.63906138e-02 
 1.66167599e+09  1.78425313e-02 
 1.70039893e+09  1.81289544e-02 
 1.74002425e+09  1.95524097e-02 
 1.78057299e+09  2.12021285e-02 
 1.82206665e+09  2.32481590e-02 
 1.86452726e+09  3.03832618e-02 
 1.90797735e+09  1.29301791e-02 
 1.95243999e+09  1.46875022e-02 
 1.99793876e+09  1.62100761e-02 
 2.04449781e+09  1.81212541e-02 
 2.09214185e+09  1.97323933e-02 
 2.14089617e+09  2.09516033e-02 
 2.19078664e+09  2.20883655e-02 
 2.24183974e+09  2.31591069e-02 
 2.29408255e+09  2.42247746e-02 
 2.34754280e+09  2.53420457e-02 
 2.40224887e+09  2.55545347e-02 
 2.45822978e+09  2.36367288e-02 
 2.51551525e+09  2.58802782e-02 
 2.57413567e+09  2.70490263e-02 
 2.63412215e+09  2.79377059e-02 
 2.69550653e+09  2.87007938e-02 
 2.75832139e+09  2.93836003e-02 
 2.82260005e+09  3.00042187e-02 
 2.88837664e+09  3.05718955e-02 
 2.95568605e+09  3.10925419e-02 
 3.02456401e+09  3.15706705e-02 
 3.09504707e+09  3.20101080e-02 
 3.16717263e+09  3.24142369e-02 
 3.24097898e+09  3.27860532e-02 
 3.31650528e+09  3.31281633e-02 
 3.39379160e+09  3.34427748e-02 
 3.47287898e+09  3.37317034e-02 
 3.55380937e+09  3.39964014e-02 
 3.63662572e+09  3.42380061e-02 
 3.72137199e+09  3.44574003e-02 
 3.80809314e+09  3.46552789e-02 
 3.89683521e+09  3.48322146e-02 
 3.98764528e+09  3.49887177e-02 
 4.08057155e+09  3.51252864e-02 
 4.17566333e+09  3.52424470e-02 
 4.27297108e+09  3.53407816e-02 
 4.37254645e+09  3.54209461e-02 
 4.47444228e+09  3.54836778e-02 
 4.57871264e+09  3.55297953e-02 
 4.68541287e+09  3.55601920e-02 
 4.79459960e+09  3.55758253e-02 
 4.90633076e+09  3.55777025e-02 
 5.02066566e+09  3.55668657e-02 
 5.13766496e+09  3.55443750e-02 
 5.25739076e+09  3.55112934e-02 
 5.37990660e+09  3.54686715e-02 
 5.50527749e+09  3.54175335e-02 
 5.63356997e+09  3.53588635e-02 
 5.76485211e+09  3.52935923e-02 
 5.89919360e+09  3.52225807e-02 
 6.03666571e+09  3.51465970e-02 
 6.17734142e+09  3.50661804e-02 
 6.32129537e+09  3.49820224e-02 
 6.46860395e+09  3.48937056e-02 
 6.61934535e+09  3.47994061e-02 
 6.77359956e+09  3.46823769e-02 
 6.93144843e+09  3.46937077e-02 
 7.09297575e+09  3.46453296e-02 
 7.25826722e+09  3.44448144e-02 
 7.42741057e+09  3.43293791e-02 
 7.60049556e+09  3.46510548e-02 
 7.77761404e+09  3.43777920e-02 
 7.95886001e+09  3.43339638e-02 
 8.14432966e+09  3.39834455e-02 
 8.33412140e+09  3.35610643e-02 
 8.52833597e+09  1.65475958e-02 
 8.72707642e+09  2.29605446e-02 
 8.93044823e+09  3.16089821e-02 
 9.13855932e+09  3.25716820e-02 
 9.35152014e+09  3.27490491e-02 
 9.56944371e+09  3.29375019e-02 
 9.79244566e+09  3.29643771e-02 
 1.00206443e+10  3.29539639e-02 
 1.02541609e+10  3.29269279e-02 
 1.04931192e+10  3.28903358e-02 
 1.07376460e+10  3.28481692e-02 
 1.09878712e+10  3.28027456e-02 
 1.12439276e+10  3.27554697e-02 
 1.15059509e+10  3.27072064e-02 
 1.17740804e+10  3.26584742e-02 
 1.20484582e+10  3.26095407e-02 
 1.23292299e+10  3.25604560e-02 
 1.26165447e+10  3.25110287e-02 
 1.29105549e+10  3.24607122e-02 
 1.32114166e+10  3.24082978e-02 
 1.35192894e+10  3.23510603e-02 
 1.38343368e+10  3.22819504e-02 
 1.41567259e+10  3.21771842e-02 
 1.44866277e+10  3.18996079e-02 
 1.48242175e+10  2.85149253e-02 
 1.51696743e+10  3.20585432e-02 
 1.55231815e+10  3.22106533e-02 
 1.58849266e+10  3.21969888e-02 
 1.62551017e+10  3.21652502e-02 
 1.66339032e+10  3.21321113e-02 
 1.70215321e+10  3.20999853e-02 
 1.74181941e+10  3.20692783e-02 
 1.78240998e+10  3.20399945e-02 
 1.82394645e+10  3.20120535e-02 
 1.86645086e+10  3.19853645e-02 
 1.90994578e+10  3.19598434e-02 
 1.95445429e+10  3.19354162e-02 
 2.00000000e+10  3.19120176e-02 
