 1.00000000e+08  1.73472925e-02 
 1.02330354e+08  1.73132080e-02 
 1.04715014e+08  1.72641785e-02 
 1.07155245e+08  1.71988933e-02 
 1.09652342e+08  1.71160993e-02 
 1.12207630e+08  1.70146389e-02 
 1.14822466e+08  1.68934913e-02 
 1.17498236e+08  1.67518152e-02 
 1.20236362e+08  1.65889905e-02 
 1.23038295e+08  1.64046582e-02 
 1.25905523e+08  1.61987538e-02 
 1.28839568e+08  1.59715332e-02 
 1.31841987e+08  1.57235881e-02 
 1.34914372e+08  1.54558494e-02 
 1.38058355e+08  1.51695784e-02 
 1.41275604e+08  1.48663436e-02 
 1.44567827e+08  1.45479872e-02 
 1.47936769e+08  1.42165803e-02 
 1.51384220e+08  1.38743712e-02 
 1.54912009e+08  1.35237294e-02 
 1.58522008e+08  1.31670879e-02 
 1.62216133e+08  1.28068874e-02 
 1.65996343e+08  1.24455255e-02 
 1.69864646e+08  1.20853114e-02 
 1.73823095e+08  1.17284287e-02 
 1.77873789e+08  1.13769067e-02 
 1.82018879e+08  1.10325999e-02 
 1.86260564e+08  1.06971743e-02 
 1.90601095e+08  1.03721025e-02 
 1.95042776e+08  1.00586624e-02 
 1.99587964e+08  9.75794162e-03 
 2.04239071e+08  9.47084538e-03 
 2.08998565e+08  9.19810574e-03 
 2.13868972e+08  8.94029281e-03 
 2.18852877e+08  8.69782621e-03 
 2.23952925e+08  8.47098644e-03 
 2.29171822e+08  8.25992575e-03 
 2.34512337e+08  8.06467825e-03 
 2.39977306e+08  7.88516921e-03 
 2.45569627e+08  7.72122371e-03 
 2.51292270e+08  7.57257554e-03 
 2.57148271e+08  7.43887827e-03 
 2.63140737e+08  7.31972394e-03 
 2.69272848e+08  7.21468452e-03 
 2.75547860e+08  7.12342132e-03 
 2.81969102e+08  7.04600992e-03 
 2.88539981e+08  6.98402931e-03 
 2.95263985e+08  6.94486224e-03 
 3.02144683e+08  6.96349015e-03 
 3.09185725e+08  7.26939632e-03 
 3.16390848e+08  1.04712111e-02 
 3.23763876e+08  1.04311533e-02 
 3.31308722e+08  8.33813164e-03 
 3.39029389e+08  7.99397240e-03 
 3.46929975e+08  8.30516376e-03 
 3.55014673e+08  1.07133380e-02 
 3.63287773e+08  1.02779495e-02 
 3.71753666e+08  8.09569664e-03 
 3.80416844e+08  7.74323713e-03 
 3.89281904e+08  7.69945337e-03 
 3.98353552e+08  7.74907149e-03 
 4.07636602e+08  7.57901134e-03 
 4.17135980e+08  7.82289011e-03 
 4.26856726e+08  8.12380105e-03 
 4.36804001e+08  8.64184751e-03 
 4.46983082e+08  9.75657826e-03 
 4.57399372e+08  9.57835088e-03 
 4.68058398e+08  8.57957307e-03 
 4.78965818e+08  8.68601172e-03 
 4.90127419e+08  8.77601454e-03 
 5.01549125e+08  9.04912911e-03 
 5.13236997e+08  9.47201507e-03 
 5.25197238e+08  1.05752525e-02 
 5.37436195e+08  1.09254447e-02 
 5.49960363e+08  9.03841504e-03 
 5.62776388e+08  1.02470540e-02 
 5.75891073e+08  1.12225444e-02 
 5.89311376e+08  1.16511660e-02 
 6.03044419e+08  1.20439909e-02 
 6.17097492e+08  1.49780705e-02 
 6.31478050e+08  1.53344229e-02 
 6.46193727e+08  1.95242921e-02 
 6.61252331e+08  2.15612722e-02 
 6.76661854e+08  9.56541913e-03 
 6.92430473e+08  1.09257140e-02 
 7.08566557e+08  1.67823922e-02 
 7.25078669e+08  8.20068183e-03 
 7.41975572e+08  7.64633466e-03 
 7.59266232e+08  1.02504502e-02 
 7.76959826e+08  1.39401646e-02 
 7.95065744e+08  2.51962421e-02 
 8.13593593e+08  1.53157507e-02 
 8.32553207e+08  1.02753396e-02 
 8.51954648e+08  1.35202058e-02 
 8.71808210e+08  1.19809324e-02 
 8.92124431e+08  1.23841114e-02 
 9.12914092e+08  1.56980698e-02 
 9.34188226e+08  9.63077559e-03 
 9.55958123e+08  1.34358856e-02 
 9.78235335e+08  1.22470649e-02 
 1.00103169e+09  1.35060931e-02 
 1.02435927e+09  1.53180492e-02 
 1.04823047e+09  1.35546467e-02 
 1.07265796e+09  1.64525425e-02 
 1.09765469e+09  1.87788107e-02 
 1.12323393e+09  1.68881908e-02 
 1.14940927e+09  1.79000402e-02 
 1.17619457e+09  2.17762602e-02 
 1.20360408e+09  2.06448470e-02 
 1.23165232e+09  1.82133708e-02 
 1.26035418e+09  1.72089702e-02 
 1.28972490e+09  1.84543315e-02 
 1.31978006e+09  2.41043376e-02 
 1.35053561e+09  2.15472991e-02 
 1.38200788e+09  2.13054106e-02 
 1.41421356e+09  2.51872828e-02 
 1.44716975e+09  2.76969611e-02 
 1.48089393e+09  2.86896796e-02 
 1.51540401e+09  3.08419229e-02 
 1.55071830e+09  3.22327578e-02 
 1.58685553e+09  3.03897256e-02 
 1.62383489e+09  2.94672434e-02 
 1.66167599e+09  2.71298233e-02 
 1.70039893e+09  2.43380784e-02 
 1.74002425e+09  2.40451827e-02 
 1.78057299e+09  2.08840683e-02 
 1.82206665e+09  2.09585404e-02 
 1.86452726e+09  1.90915361e-02 
 1.90797735e+09  1.80617346e-02 
 1.95243999e+09  1.65233245e-02 
 1.99793876e+09  1.58573404e-02 
 2.04449781e+09  1.55281962e-02 
 2.09214185e+09  1.48619754e-02 
 2.14089617e+09  1.42164348e-02 
 2.19078664e+09  1.37302197e-02 
 2.24183974e+09  1.33369942e-02 
 2.29408255e+09  1.30014528e-02 
 2.34754280e+09  1.26935627e-02 
 2.40224887e+09  1.23829914e-02 
 2.45822978e+09  1.20408210e-02 
 2.51551525e+09  1.16457143e-02 
 2.57413567e+09  1.11922148e-02 
 2.63412215e+09  1.06981027e-02 
 2.69550653e+09  1.02075987e-02 
 2.75832139e+09  9.78768746e-03 
 2.82260005e+09  9.51552188e-03 
 2.88837664e+09  9.45680387e-03 
 2.95568605e+09  9.64054509e-03 
 3.02456401e+09  1.00423382e-02 
 3.09504707e+09  1.05857264e-02 
 3.16717263e+09  1.11389001e-02 
 3.24097898e+09  1.16764159e-02 
 3.31650528e+09  1.21182786e-02 
 3.39379160e+09  1.24835041e-02 
 3.47287898e+09  1.28684124e-02 
 3.55380937e+09  1.31680116e-02 
 3.63662572e+09  1.34862245e-02 
 3.72137199e+09  1.38551360e-02 
 3.80809314e+09  1.42873523e-02 
 3.89683521e+09  1.47783290e-02 
 3.98764528e+09  1.53039174e-02 
 4.08057155e+09  1.58132521e-02 
 4.17566333e+09  1.62197087e-02 
 4.27297108e+09  1.64020584e-02 
 4.37254645e+09  1.62388020e-02 
 4.47444228e+09  1.56844983e-02 
 4.57871264e+09  1.48341781e-02 
 4.68541287e+09  1.38910912e-02 
 4.79459960e+09  1.30561959e-02 
 4.90633076e+09  1.24521092e-02 
 5.02066566e+09  1.21204748e-02 
 5.13766496e+09  1.20383144e-02 
 5.25739076e+09  1.21435076e-02 
 5.37990660e+09  1.23733242e-02 
 5.50527749e+09  1.26822114e-02 
 5.63356997e+09  1.30402988e-02 
 5.76485211e+09  1.34282609e-02 
 5.89919360e+09  1.38334669e-02 
 6.03666571e+09  1.42475024e-02 
 6.17734142e+09  1.46645678e-02 
 6.32129537e+09  1.50804868e-02 
 6.46860395e+09  1.54925978e-02 
 6.61934535e+09  1.59004834e-02 
 6.77359956e+09  1.63043426e-02 
 6.93144843e+09  1.67027486e-02 
 7.09297575e+09  1.70942916e-02 
 7.25826722e+09  1.74788736e-02 
 7.42741057e+09  1.78605035e-02 
 7.60049556e+09  1.81307895e-02 
 7.77761404e+09  1.85191681e-02 
 7.95886001e+09  1.88989834e-02 
 8.14432966e+09  1.92381711e-02 
 8.33412140e+09  1.95660277e-02 
 8.52833597e+09  1.98525287e-02 
 8.72707642e+09  2.01985149e-02 
 8.93044823e+09  2.04894224e-02 
 9.13855932e+09  2.07762712e-02 
 9.35152014e+09  2.10540300e-02 
 9.56944371e+09  2.13224133e-02 
 9.79244566e+09  2.15814684e-02 
 1.00206443e+10  2.18313148e-02 
 1.02541609e+10  2.20721033e-02 
 1.04931192e+10  2.23040051e-02 
 1.07376460e+10  2.25272069e-02 
 1.09878712e+10  2.27419080e-02 
 1.12439276e+10  2.29483186e-02 
 1.15059509e+10  2.31466578e-02 
 1.17740804e+10  2.33371522e-02 
 1.20484582e+10  2.35200353e-02 
 1.23292299e+10  2.36955467e-02 
 1.26165447e+10  2.38639326e-02 
 1.29105549e+10  2.40254475e-02 
 1.32114166e+10  2.41803586e-02 
 1.35192894e+10  2.43289570e-02 
 1.38343368e+10  2.44715837e-02 
 1.41567259e+10  2.46086994e-02 
 1.44866277e+10  2.47411022e-02 
 1.48242175e+10  2.48705662e-02 
 1.51696743e+10  2.47519526e-02 
 1.55231815e+10  2.50552405e-02 
 1.58849266e+10  2.51840582e-02 
 1.62551017e+10  2.52933581e-02 
 1.66339032e+10  2.53952324e-02 
 1.70215321e+10  2.54917038e-02 
 1.74181941e+10  2.55834978e-02 
 1.78240998e+10  2.56710070e-02 
 1.82394645e+10  2.57545042e-02 
 1.86645086e+10  2.58342083e-02 
 1.90994578e+10  2.59103088e-02 
 1.95445429e+10  2.59829772e-02 
 2.00000000e+10  2.60523722e-02 
