 1.00000000e+08  1.70142508e-02 
 1.02330354e+08  1.69769019e-02 
 1.04715014e+08  1.69247645e-02 
 1.07155245e+08  1.68565448e-02 
 1.09652342e+08  1.67710055e-02 
 1.12207630e+08  1.66670035e-02 
 1.14822466e+08  1.65435297e-02 
 1.17498236e+08  1.63997515e-02 
 1.20236362e+08  1.62350534e-02 
 1.23038295e+08  1.60490760e-02 
 1.25905523e+08  1.58417485e-02 
 1.28839568e+08  1.56133142e-02 
 1.31841987e+08  1.53643449e-02 
 1.34914372e+08  1.50957450e-02 
 1.38058355e+08  1.48087411e-02 
 1.41275604e+08  1.45048605e-02 
 1.44567827e+08  1.41858972e-02 
 1.47936769e+08  1.38538686e-02 
 1.51384220e+08  1.35109640e-02 
 1.54912009e+08  1.31594903e-02 
 1.58522008e+08  1.28018153e-02 
 1.62216133e+08  1.24403138e-02 
 1.65996343e+08  1.20773174e-02 
 1.69864646e+08  1.17150715e-02 
 1.73823095e+08  1.13556995e-02 
 1.77873789e+08  1.10011754e-02 
 1.82018879e+08  1.06533045e-02 
 1.86260564e+08  1.03137128e-02 
 1.90601095e+08  9.98384183e-03 
 1.95042776e+08  9.66495084e-03 
 1.99587964e+08  9.35812278e-03 
 2.04239071e+08  9.06427435e-03 
 2.08998565e+08  8.78416864e-03 
 2.13868972e+08  8.51842977e-03 
 2.18852877e+08  8.26755912e-03 
 2.23952925e+08  8.03195298e-03 
 2.29171822e+08  7.81192235e-03 
 2.34512337e+08  7.60771612e-03 
 2.39977306e+08  7.41955032e-03 
 2.45569627e+08  7.24764888e-03 
 2.51292270e+08  7.09230580e-03 
 2.57148271e+08  6.95398942e-03 
 2.63140737e+08  6.83353193e-03 
 2.69272848e+08  6.73250351e-03 
 2.75547860e+08  6.65401778e-03 
 2.81969102e+08  6.60465167e-03 
 2.88539981e+08  6.59964301e-03 
 2.95263985e+08  6.67955137e-03 
 3.02144683e+08  6.97798640e-03 
 3.09185725e+08  8.11362133e-03 
 3.16390848e+08  1.44462035e-02 
 3.23763876e+08  1.20166453e-02 
 3.31308722e+08  8.02100435e-03 
 3.39029389e+08  7.21772043e-03 
 3.46929975e+08  7.23247030e-03 
 3.55014673e+08  8.98454865e-03 
 3.63287773e+08  9.03697801e-03 
 3.71753666e+08  7.31749861e-03 
 3.80416844e+08  7.03588305e-03 
 3.89281904e+08  7.07639668e-03 
 3.98353552e+08  7.65441017e-03 
 4.07636602e+08  7.46726070e-03 
 4.17135980e+08  7.38980346e-03 
 4.26856726e+08  9.15273018e-03 
 4.36804001e+08  8.22201450e-03 
 4.46983082e+08  9.28364356e-03 
 4.57399372e+08  8.95963917e-03 
 4.68058398e+08  8.00342172e-03 
 4.78965818e+08  8.48503571e-03 
 4.90127419e+08  7.57582798e-03 
 5.01549125e+08  7.69463027e-03 
 5.13236997e+08  7.93993050e-03 
 5.25197238e+08  8.36172738e-03 
 5.37436195e+08  8.58840175e-03 
 5.49960363e+08  9.03760497e-03 
 5.62776388e+08  1.03026974e-02 
 5.75891073e+08  1.13673358e-02 
 5.89311376e+08  1.19118617e-02 
 6.03044419e+08  1.21424400e-02 
 6.17097492e+08  1.54218855e-02 
 6.31478050e+08  6.92545992e-03 
 6.46193727e+08  8.27362087e-03 
 6.61252331e+08  1.12917677e-02 
 6.76661854e+08  1.36406935e-02 
 6.92430473e+08  7.40217144e-03 
 7.08566557e+08  7.29809101e-03 
 7.25078669e+08  8.12381395e-03 
 7.41975572e+08  8.81222800e-03 
 7.59266232e+08  9.71158097e-03 
 7.76959826e+08  1.07753067e-02 
 7.95065744e+08  1.34602042e-02 
 8.13593593e+08  1.08585537e-02 
 8.32553207e+08  1.11069188e-02 
 8.51954648e+08  1.11405103e-02 
 8.71808210e+08  1.05128970e-02 
 8.92124431e+08  1.09778256e-02 
 9.12914092e+08  1.24972576e-02 
 9.34188226e+08  1.26595852e-02 
 9.55958123e+08  1.40370405e-02 
 9.78235335e+08  1.35690466e-02 
 1.00103169e+09  1.25722017e-02 
 1.02435927e+09  1.75272272e-02 
 1.04823047e+09  1.16077875e-02 
 1.07265796e+09  1.30558942e-02 
 1.09765469e+09  1.78606397e-02 
 1.12323393e+09  1.17685527e-02 
 1.14940927e+09  1.14915074e-02 
 1.17619457e+09  1.37658952e-02 
 1.20360408e+09  1.37934536e-02 
 1.23165232e+09  1.29927694e-02 
 1.26035418e+09  1.25204052e-02 
 1.28972490e+09  1.24875798e-02 
 1.31978006e+09  1.30288442e-02 
 1.35053561e+09  1.34731574e-02 
 1.38200788e+09  1.37903139e-02 
 1.41421356e+09  1.36167359e-02 
 1.44716975e+09  1.36624290e-02 
 1.48089393e+09  1.44214904e-02 
 1.51540401e+09  1.50252868e-02 
 1.55071830e+09  1.56152453e-02 
 1.58685553e+09  1.60397810e-02 
 1.62383489e+09  1.65961859e-02 
 1.66167599e+09  1.71422496e-02 
 1.70039893e+09  1.79780389e-02 
 1.74002425e+09  1.86943430e-02 
 1.78057299e+09  1.89800759e-02 
 1.82206665e+09  1.93801433e-02 
 1.86452726e+09  1.97667360e-02 
 1.90797735e+09  2.06895377e-02 
 1.95243999e+09  2.12619250e-02 
 1.99793876e+09  2.11244055e-02 
 2.04449781e+09  2.22552549e-02 
 2.09214185e+09  2.29678798e-02 
 2.14089617e+09  2.37104365e-02 
 2.19078664e+09  2.44587252e-02 
 2.24183974e+09  2.52155925e-02 
 2.29408255e+09  2.59812193e-02 
 2.34754280e+09  2.67545817e-02 
 2.40224887e+09  2.75340911e-02 
 2.45822978e+09  2.83176578e-02 
 2.51551525e+09  2.91025611e-02 
 2.57413567e+09  2.98852692e-02 
 2.63412215e+09  3.06612501e-02 
 2.69550653e+09  3.14247449e-02 
 2.75832139e+09  3.21684166e-02 
 2.82260005e+09  3.28827891e-02 
 2.88837664e+09  3.35555380e-02 
 2.95568605e+09  3.41707540e-02 
 3.02456401e+09  3.47056009e-02 
 3.09504707e+09  3.50909715e-02 
 3.16717263e+09  3.45217191e-02 
 3.24097898e+09  3.36707517e-02 
 3.31650528e+09  3.36783388e-02 
 3.39379160e+09  3.41051888e-02 
 3.47287898e+09  3.61954035e-02 
 3.55380937e+09  3.67329865e-02 
 3.63662572e+09  3.70611591e-02 
 3.72137199e+09  3.73087094e-02 
 3.80809314e+09  3.75059338e-02 
 3.89683521e+09  3.76561241e-02 
 3.98764528e+09  3.77571539e-02 
 4.08057155e+09  3.78102468e-02 
 4.17566333e+09  3.78207810e-02 
 4.27297108e+09  3.77966633e-02 
 4.37254645e+09  3.77460266e-02 
 4.47444228e+09  3.76741592e-02 
 4.57871264e+09  3.75812993e-02 
 4.68541287e+09  3.74638827e-02 
 4.79459960e+09  3.73189392e-02 
 4.90633076e+09  3.71508088e-02 
 5.02066566e+09  3.69802497e-02 
 5.13766496e+09  3.68393649e-02 
 5.25739076e+09  3.67338450e-02 
 5.37990660e+09  3.66348413e-02 
 5.50527749e+09  3.65199508e-02 
 5.63356997e+09  3.63857816e-02 
 5.76485211e+09  3.62366274e-02 
 5.89919360e+09  3.60771729e-02 
 6.03666571e+09  3.59107683e-02 
 6.17734142e+09  3.57399545e-02 
 6.32129537e+09  3.55688036e-02 
 6.46860395e+09  3.54067976e-02 
 6.61934535e+09  3.52630142e-02 
 6.77359956e+09  3.51294649e-02 
 6.93144843e+09  3.49942974e-02 
 7.09297575e+09  3.48561187e-02 
 7.25826722e+09  3.47169725e-02 
 7.42741057e+09  3.45744417e-02 
 7.60049556e+09  3.44497097e-02 
 7.77761404e+09  3.43378286e-02 
 7.95886001e+09  3.42291984e-02 
 8.14432966e+09  3.41141629e-02 
 8.33412140e+09  3.39972201e-02 
 8.52833597e+09  3.37383384e-02 
 8.72707642e+09  2.39951498e-02 
 8.93044823e+09  3.30033362e-02 
 9.13855932e+09  3.32288958e-02 
 9.35152014e+09  3.32234945e-02 
 9.56944371e+09  3.31710608e-02 
 9.79244566e+09  3.31038507e-02 
 1.00206443e+10  3.30316129e-02 
 1.02541609e+10  3.29581902e-02 
 1.04931192e+10  3.28853463e-02 
 1.07376460e+10  3.28139656e-02 
 1.09878712e+10  3.27445091e-02 
 1.12439276e+10  3.26772134e-02 
 1.15059509e+10  3.26121867e-02 
 1.17740804e+10  3.25494568e-02 
 1.20484582e+10  3.24889971e-02 
 1.23292299e+10  3.24307371e-02 
 1.26165447e+10  3.23745629e-02 
 1.29105549e+10  3.23203033e-02 
 1.32114166e+10  3.22676926e-02 
 1.35192894e+10  3.22162731e-02 
 1.38343368e+10  3.21651268e-02 
 1.41567259e+10  3.21119717e-02 
 1.44866277e+10  3.20489843e-02 
 1.48242175e+10  3.19264418e-02 
 1.51696743e+10  2.69068531e-02 
 1.55231815e+10  3.19157782e-02 
 1.58849266e+10  3.19449887e-02 
 1.62551017e+10  3.19170748e-02 
 1.66339032e+10  3.18850901e-02 
 1.70215321e+10  3.18535567e-02 
 1.74181941e+10  3.18232282e-02 
 1.78240998e+10  3.17942323e-02 
 1.82394645e+10  3.17665539e-02 
 1.86645086e+10  3.17401421e-02 
 1.90994578e+10  3.17149375e-02 
 1.95445429e+10  3.16908807e-02 
 2.00000000e+10  3.16679149e-02 
