 1.00000000e+08  1.70384719e-02 
 1.02330354e+08  1.70022814e-02 
 1.04715014e+08  1.69512572e-02 
 1.07155245e+08  1.68841056e-02 
 1.09652342e+08  1.67995899e-02 
 1.12207630e+08  1.66965681e-02 
 1.14822466e+08  1.65740334e-02 
 1.17498236e+08  1.64311559e-02 
 1.20236362e+08  1.62673239e-02 
 1.23038295e+08  1.60821822e-02 
 1.25905523e+08  1.58756653e-02 
 1.28839568e+08  1.56480219e-02 
 1.31841987e+08  1.53998302e-02 
 1.34914372e+08  1.51320007e-02 
 1.38058355e+08  1.48457667e-02 
 1.41275604e+08  1.45426621e-02 
 1.44567827e+08  1.42244868e-02 
 1.47936769e+08  1.38932637e-02 
 1.51384220e+08  1.35511871e-02 
 1.54912009e+08  1.32005673e-02 
 1.58522008e+08  1.28437749e-02 
 1.62216133e+08  1.24831854e-02 
 1.65996343e+08  1.21211303e-02 
 1.69864646e+08  1.17598528e-02 
 1.73823095e+08  1.14014724e-02 
 1.77873789e+08  1.10479574e-02 
 1.82018879e+08  1.07011059e-02 
 1.86260564e+08  1.03625346e-02 
 1.90601095e+08  1.00336743e-02 
 1.95042776e+08  9.71577168e-03 
 1.99587964e+08  9.40989580e-03 
 2.04239071e+08  9.11694781e-03 
 2.08998565e+08  8.83767383e-03 
 2.13868972e+08  8.57267943e-03 
 2.18852877e+08  8.32244562e-03 
 2.23952925e+08  8.08734606e-03 
 2.29171822e+08  7.86766585e-03 
 2.34512337e+08  7.66362300e-03 
 2.39977306e+08  7.47539479e-03 
 2.45569627e+08  7.30315329e-03 
 2.51292270e+08  7.14711867e-03 
 2.57148271e+08  7.00764714e-03 
 2.63140737e+08  6.88539033e-03 
 2.69272848e+08  6.78160967e-03 
 2.75547860e+08  6.69885571e-03 
 2.81969102e+08  6.64259604e-03 
 2.88539981e+08  6.62565535e-03 
 2.95263985e+08  6.68258814e-03 
 3.02144683e+08  6.92895126e-03 
 3.09185725e+08  7.91275191e-03 
 3.16390848e+08  1.36536065e-02 
 3.23763876e+08  1.15169183e-02 
 3.31308722e+08  7.90922824e-03 
 3.39029389e+08  7.19319810e-03 
 3.46929975e+08  7.20177079e-03 
 3.55014673e+08  8.75503569e-03 
 3.63287773e+08  8.85767737e-03 
 3.71753666e+08  7.34956640e-03 
 3.80416844e+08  7.13292988e-03 
 3.89281904e+08  7.23914149e-03 
 3.98353552e+08  8.06721401e-03 
 4.07636602e+08  7.60117640e-03 
 4.17135980e+08  7.34428350e-03 
 4.26856726e+08  8.69374517e-03 
 4.36804001e+08  8.26629192e-03 
 4.46983082e+08  9.47123080e-03 
 4.57399372e+08  9.13915321e-03 
 4.68058398e+08  8.19735336e-03 
 4.78965818e+08  8.57566036e-03 
 4.90127419e+08  7.84634757e-03 
 5.01549125e+08  8.11479728e-03 
 5.13236997e+08  8.66327103e-03 
 5.25197238e+08  1.03464588e-02 
 5.37436195e+08  1.17893673e-02 
 5.49960363e+08  9.19146372e-03 
 5.62776388e+08  1.15987801e-02 
 5.75891073e+08  1.10209946e-02 
 5.89311376e+08  9.12098830e-03 
 6.03044419e+08  9.87353529e-03 
 6.17097492e+08  1.16722438e-02 
 6.31478050e+08  1.50286837e-02 
 6.46193727e+08  1.70553172e-02 
 6.61252331e+08  8.33290867e-03 
 6.76661854e+08  6.91540109e-03 
 6.92430473e+08  7.93216812e-03 
 7.08566557e+08  8.95805019e-03 
 7.25078669e+08  9.32500018e-03 
 7.41975572e+08  1.00907786e-02 
 7.59266232e+08  1.14594722e-02 
 7.76959826e+08  1.32043544e-02 
 7.95065744e+08  1.86406998e-02 
 8.13593593e+08  9.16417129e-03 
 8.32553207e+08  1.31576841e-02 
 8.51954648e+08  1.23847517e-02 
 8.71808210e+08  1.64529497e-02 
 8.92124431e+08  7.89060655e-03 
 9.12914092e+08  8.65462572e-03 
 9.34188226e+08  8.56411959e-03 
 9.55958123e+08  9.66456961e-03 
 9.78235335e+08  1.03010115e-02 
 1.00103169e+09  1.11030702e-02 
 1.02435927e+09  1.22187711e-02 
 1.04823047e+09  1.16078808e-02 
 1.07265796e+09  1.27735036e-02 
 1.09765469e+09  1.34229782e-02 
 1.12323393e+09  1.36034527e-02 
 1.14940927e+09  1.45827995e-02 
 1.17619457e+09  1.45065549e-02 
 1.20360408e+09  1.42370234e-02 
 1.23165232e+09  1.34043326e-02 
 1.26035418e+09  1.30936584e-02 
 1.28972490e+09  1.33801091e-02 
 1.31978006e+09  1.47863010e-02 
 1.35053561e+09  1.44471101e-02 
 1.38200788e+09  1.44005338e-02 
 1.41421356e+09  1.48580518e-02 
 1.44716975e+09  1.56010661e-02 
 1.48089393e+09  1.59004846e-02 
 1.51540401e+09  1.64282522e-02 
 1.55071830e+09  1.71184967e-02 
 1.58685553e+09  1.75971627e-02 
 1.62383489e+09  1.83902419e-02 
 1.66167599e+09  1.92760356e-02 
 1.70039893e+09  2.08365095e-02 
 1.74002425e+09  2.24191745e-02 
 1.78057299e+09  2.39778836e-02 
 1.82206665e+09  2.89624057e-02 
 1.86452726e+09  3.66237816e-02 
 1.90797735e+09  1.43652325e-02 
 1.95243999e+09  1.56332604e-02 
 1.99793876e+09  1.74800048e-02 
 2.04449781e+09  1.87383623e-02 
 2.09214185e+09  2.02260717e-02 
 2.14089617e+09  2.14042570e-02 
 2.19078664e+09  2.24447499e-02 
 2.24183974e+09  2.34139353e-02 
 2.29408255e+09  2.43424086e-02 
 2.34754280e+09  2.52461572e-02 
 2.40224887e+09  2.61341494e-02 
 2.45822978e+09  2.70114352e-02 
 2.51551525e+09  2.78804798e-02 
 2.57413567e+09  2.87417246e-02 
 2.63412215e+09  2.95938029e-02 
 2.69550653e+09  3.04335908e-02 
 2.75832139e+09  3.12561257e-02 
 2.82260005e+09  3.20543687e-02 
 2.88837664e+09  3.28188925e-02 
 2.95568605e+09  3.35376644e-02 
 3.02456401e+09  3.41937064e-02 
 3.09504707e+09  3.47283295e-02 
 3.16717263e+09  3.43319306e-02 
 3.24097898e+09  3.34768966e-02 
 3.31650528e+09  3.35229861e-02 
 3.39379160e+09  2.92102828e-02 
 3.47287898e+09  3.45051923e-02 
 3.55380937e+09  3.56528393e-02 
 3.63662572e+09  3.62349549e-02 
 3.72137199e+09  3.66315682e-02 
 3.80809314e+09  3.69316247e-02 
 3.89683521e+09  3.71599957e-02 
 3.98764528e+09  3.73242182e-02 
 4.08057155e+09  3.74302539e-02 
 4.17566333e+09  3.74864423e-02 
 4.27297108e+09  3.75036136e-02 
 4.37254645e+09  3.74934661e-02 
 4.47444228e+09  3.74648376e-02 
 4.57871264e+09  3.74200136e-02 
 4.68541287e+09  3.73555788e-02 
 4.79459960e+09  3.72680202e-02 
 4.90633076e+09  3.71601369e-02 
 5.02066566e+09  3.70443506e-02 
 5.13766496e+09  3.69352022e-02 
 5.25739076e+09  3.68320856e-02 
 5.37990660e+09  3.67214101e-02 
 5.50527749e+09  3.65954790e-02 
 5.63356997e+09  3.64552820e-02 
 5.76485211e+09  3.63044390e-02 
 5.89919360e+09  3.61460808e-02 
 6.03666571e+09  3.59823310e-02 
 6.17734142e+09  3.58148970e-02 
 6.32129537e+09  3.56471523e-02 
 6.46860395e+09  3.54877095e-02 
 6.61934535e+09  3.53450547e-02 
 6.77359956e+09  3.52118156e-02 
 6.93144843e+09  3.50768119e-02 
 7.09297575e+09  3.49385889e-02 
 7.25826722e+09  3.47990307e-02 
 7.42741057e+09  3.46565139e-02 
 7.60049556e+09  3.45072619e-02 
 7.77761404e+09  3.43983190e-02 
 7.95886001e+09  3.42862867e-02 
 8.14432966e+09  3.41607712e-02 
 8.33412140e+09  3.40380852e-02 
 8.52833597e+09  3.38924976e-02 
 8.72707642e+09  3.38642349e-02 
 8.93044823e+09  3.37228744e-02 
 9.13855932e+09  3.36182726e-02 
 9.35152014e+09  3.35194298e-02 
 9.56944371e+09  3.34249242e-02 
 9.79244566e+09  3.33343562e-02 
 1.00206443e+10  3.32475123e-02 
 1.02541609e+10  3.31642347e-02 
 1.04931192e+10  3.30843860e-02 
 1.07376460e+10  3.30078384e-02 
 1.09878712e+10  3.29344684e-02 
 1.12439276e+10  3.28641548e-02 
 1.15059509e+10  3.27967778e-02 
 1.17740804e+10  3.27322173e-02 
 1.20484582e+10  3.26703524e-02 
 1.23292299e+10  3.26110586e-02 
 1.26165447e+10  3.25542045e-02 
 1.29105549e+10  3.24996448e-02 
 1.32114166e+10  3.24472059e-02 
 1.35192894e+10  3.23966538e-02 
 1.38343368e+10  3.23476124e-02 
 1.41567259e+10  3.22993084e-02 
 1.44866277e+10  3.22495106e-02 
 1.48242175e+10  3.21866007e-02 
 1.51696743e+10  3.14659992e-02 
 1.55231815e+10  3.21721453e-02 
 1.58849266e+10  3.21285689e-02 
 1.62551017e+10  3.20900228e-02 
 1.66339032e+10  3.20548325e-02 
 1.70215321e+10  3.20219614e-02 
 1.74181941e+10  3.19909487e-02 
 1.78240998e+10  3.19615462e-02 
 1.82394645e+10  3.19335964e-02 
 1.86645086e+10  3.19069858e-02 
 1.90994578e+10  3.18816251e-02 
 1.95445429e+10  3.18574392e-02 
 2.00000000e+10  3.18343627e-02 
