 1.00000000e+08  1.75647324e-02 
 1.02330354e+08  1.75213778e-02 
 1.04715014e+08  1.74628242e-02 
 1.07155245e+08  1.73877557e-02 
 1.09652342e+08  1.72949175e-02 
 1.12207630e+08  1.71831545e-02 
 1.14822466e+08  1.70514530e-02 
 1.17498236e+08  1.68989844e-02 
 1.20236362e+08  1.67251476e-02 
 1.23038295e+08  1.65296088e-02 
 1.25905523e+08  1.63123355e-02 
 1.28839568e+08  1.60736225e-02 
 1.31841987e+08  1.58141074e-02 
 1.34914372e+08  1.55347738e-02 
 1.38058355e+08  1.52369416e-02 
 1.41275604e+08  1.49222441e-02 
 1.44567827e+08  1.45925937e-02 
 1.47936769e+08  1.42501365e-02 
 1.51384220e+08  1.38972002e-02 
 1.54912009e+08  1.35362377e-02 
 1.58522008e+08  1.31697692e-02 
 1.62216133e+08  1.28003268e-02 
 1.65996343e+08  1.24304027e-02 
 1.69864646e+08  1.20624054e-02 
 1.73823095e+08  1.16986224e-02 
 1.77873789e+08  1.13411924e-02 
 1.82018879e+08  1.09920849e-02 
 1.86260564e+08  1.06530885e-02 
 1.90601095e+08  1.03258061e-02 
 1.95042776e+08  1.00116550e-02 
 1.99587964e+08  9.71187322e-03 
 2.04239071e+08  9.42752812e-03 
 2.08998565e+08  9.15952886e-03 
 2.13868972e+08  8.90864055e-03 
 2.18852877e+08  8.67550066e-03 
 2.23952925e+08  8.46063787e-03 
 2.29171822e+08  8.26449454e-03 
 2.34512337e+08  8.08745483e-03 
 2.39977306e+08  7.92988277e-03 
 2.45569627e+08  7.79217750e-03 
 2.51292270e+08  7.67485920e-03 
 2.57148271e+08  7.57871240e-03 
 2.63140737e+08  7.50504134e-03 
 2.69272848e+08  7.45615934e-03 
 2.75547860e+08  7.43640794e-03 
 2.81969102e+08  7.45450251e-03 
 2.88539981e+08  7.52965956e-03 
 2.95263985e+08  7.71053512e-03 
 3.02144683e+08  8.14943243e-03 
 3.09185725e+08  9.51749777e-03 
 3.16390848e+08  1.63500342e-02 
 3.23763876e+08  1.29509388e-02 
 3.31308722e+08  8.83093900e-03 
 3.39029389e+08  8.18333060e-03 
 3.46929975e+08  8.40589066e-03 
 3.55014673e+08  1.05307990e-02 
 3.63287773e+08  1.01903239e-02 
 3.71753666e+08  8.40464039e-03 
 3.80416844e+08  8.24166921e-03 
 3.89281904e+08  8.43195001e-03 
 3.98353552e+08  9.29392422e-03 
 4.07636602e+08  8.86289876e-03 
 4.17135980e+08  9.10731875e-03 
 4.26856726e+08  1.22182312e-02 
 4.36804001e+08  9.07962261e-03 
 4.46983082e+08  8.81766743e-03 
 4.57399372e+08  7.54134649e-03 
 4.68058398e+08  8.43349746e-03 
 4.78965818e+08  9.03085701e-03 
 4.90127419e+08  8.99840906e-03 
 5.01549125e+08  9.33755267e-03 
 5.13236997e+08  9.76265630e-03 
 5.25197238e+08  1.05603355e-02 
 5.37436195e+08  1.12861800e-02 
 5.49960363e+08  1.07429450e-02 
 5.62776388e+08  1.18689653e-02 
 5.75891073e+08  1.25480598e-02 
 5.89311376e+08  1.27283936e-02 
 6.03044419e+08  1.30198654e-02 
 6.17097492e+08  1.62829507e-02 
 6.31478050e+08  1.74496347e-02 
 6.46193727e+08  1.24009871e-02 
 6.61252331e+08  1.11355996e-02 
 6.76661854e+08  1.29187516e-02 
 6.92430473e+08  1.26354509e-02 
 7.08566557e+08  1.59764747e-02 
 7.25078669e+08  1.37340823e-02 
 7.41975572e+08  1.26049027e-02 
 7.59266232e+08  1.38331427e-02 
 7.76959826e+08  1.54727641e-02 
 7.95065744e+08  1.99148050e-02 
 8.13593593e+08  1.44185750e-02 
 8.32553207e+08  1.64037669e-02 
 8.51954648e+08  1.78067471e-02 
 8.71808210e+08  1.72294351e-02 
 8.92124431e+08  2.07176901e-02 
 9.12914092e+08  2.74417051e-02 
 9.34188226e+08  2.92240755e-02 
 9.55958123e+08  7.78196307e-03 
 9.78235335e+08  1.00834065e-02 
 1.00103169e+09  1.39673452e-02 
 1.02435927e+09  1.75363599e-02 
 1.04823047e+09  1.64936163e-02 
 1.07265796e+09  2.03601562e-02 
 1.09765469e+09  2.27544156e-02 
 1.12323393e+09  2.28375592e-02 
 1.14940927e+09  2.90233532e-02 
 1.17619457e+09  3.55580471e-02 
 1.20360408e+09  3.37283956e-02 
 1.23165232e+09  2.84432218e-02 
 1.26035418e+09  2.42010774e-02 
 1.28972490e+09  2.17998145e-02 
 1.31978006e+09  1.99202868e-02 
 1.35053561e+09  1.60224711e-02 
 1.38200788e+09  2.25266322e-02 
 1.41421356e+09  2.92382602e-02 
 1.44716975e+09  3.31847173e-02 
 1.48089393e+09  3.38572787e-02 
 1.51540401e+09  3.48992813e-02 
 1.55071830e+09  3.03470991e-02 
 1.58685553e+09  3.30888286e-02 
 1.62383489e+09  2.91210765e-02 
 1.66167599e+09  2.41594554e-02 
 1.70039893e+09  2.08563886e-02 
 1.74002425e+09  2.40516706e-02 
 1.78057299e+09  1.92072381e-02 
 1.82206665e+09  1.58706326e-02 
 1.86452726e+09  1.22711468e-02 
 1.90797735e+09  1.64903043e-02 
 1.95243999e+09  2.20143471e-02 
 1.99793876e+09  1.82307369e-02 
 2.04449781e+09  1.84466801e-02 
 2.09214185e+09  1.77688363e-02 
 2.14089617e+09  1.63900522e-02 
 2.19078664e+09  1.55329523e-02 
 2.24183974e+09  1.49398342e-02 
 2.29408255e+09  1.45030380e-02 
 2.34754280e+09  1.41692806e-02 
 2.40224887e+09  1.39100939e-02 
 2.45822978e+09  1.37118041e-02 
 2.51551525e+09  1.35711649e-02 
 2.57413567e+09  1.34919200e-02 
 2.63412215e+09  1.34800365e-02 
 2.69550653e+09  1.35370981e-02 
 2.75832139e+09  1.36537764e-02 
 2.82260005e+09  1.38064570e-02 
 2.88837664e+09  1.39563708e-02 
 2.95568605e+09  1.40439141e-02 
 3.02456401e+09  1.39730045e-02 
 3.09504707e+09  1.35995675e-02 
 3.16717263e+09  1.27581567e-02 
 3.24097898e+09  1.19638477e-02 
 3.31650528e+09  1.07286114e-02 
 3.39379160e+09  1.02513640e-02 
 3.47287898e+09  9.97439788e-03 
 3.55380937e+09  1.01438233e-02 
 3.63662572e+09  1.05567977e-02 
 3.72137199e+09  1.10727568e-02 
 3.80809314e+09  1.16194070e-02 
 3.89683521e+09  1.21679584e-02 
 3.98764528e+09  1.27118654e-02 
 4.08057155e+09  1.32551061e-02 
 4.17566333e+09  1.38068600e-02 
 4.27297108e+09  1.43795446e-02 
 4.37254645e+09  1.49883605e-02 
 4.47444228e+09  1.56509066e-02 
 4.57871264e+09  1.63845090e-02 
 4.68541287e+09  1.71956898e-02 
 4.79459960e+09  1.80487744e-02 
 4.90633076e+09  1.87964489e-02 
 5.02066566e+09  1.91181831e-02 
 5.13766496e+09  1.87161172e-02 
 5.25739076e+09  1.77887280e-02 
 5.37990660e+09  1.69008139e-02 
 5.50527749e+09  1.63664976e-02 
 5.63356997e+09  1.61760226e-02 
 5.76485211e+09  1.62206624e-02 
 5.89919360e+09  1.64080305e-02 
 6.03666571e+09  1.66795513e-02 
 6.17734142e+09  1.70012541e-02 
 6.32129537e+09  1.73537938e-02 
 6.46860395e+09  1.77261426e-02 
 6.61934535e+09  1.81125622e-02 
 6.77359956e+09  1.85104774e-02 
 6.93144843e+09  1.89181378e-02 
 7.09297575e+09  1.93343777e-02 
 7.25826722e+09  1.97592137e-02 
 7.42741057e+09  2.01962663e-02 
 7.60049556e+09  2.05654922e-02 
 7.77761404e+09  2.10356117e-02 
 7.95886001e+09  2.15229355e-02 
 8.14432966e+09  2.20132989e-02 
 8.33412140e+09  2.25965657e-02 
 8.52833597e+09  2.12120014e-02 
 8.72707642e+09  2.30825534e-02 
 8.93044823e+09  2.36446444e-02 
 9.13855932e+09  2.41529045e-02 
 9.35152014e+09  2.46504021e-02 
 9.56944371e+09  2.51463757e-02 
 9.79244566e+09  2.56439494e-02 
 1.00206443e+10  2.61444053e-02 
 1.02541609e+10  2.66483059e-02 
 1.04931192e+10  2.71558799e-02 
 1.07376460e+10  2.76671793e-02 
 1.09878712e+10  2.81821528e-02 
 1.12439276e+10  2.87006835e-02 
 1.15059509e+10  2.92226099e-02 
 1.17740804e+10  2.97477398e-02 
 1.20484582e+10  3.02758598e-02 
 1.23292299e+10  3.08067443e-02 
 1.26165447e+10  3.13401660e-02 
 1.29105549e+10  3.18759108e-02 
 1.32114166e+10  3.24138047e-02 
 1.35192894e+10  3.29537689e-02 
 1.38343368e+10  3.34959502e-02 
 1.41567259e+10  3.40410917e-02 
 1.44866277e+10  3.45918964e-02 
 1.48242175e+10  3.51608967e-02 
 1.51696743e+10  3.56959765e-02 
 1.55231815e+10  3.60762864e-02 
 1.58849266e+10  3.66660011e-02 
 1.62551017e+10  3.72170779e-02 
 1.66339032e+10  3.77580639e-02 
 1.70215321e+10  3.82936139e-02 
 1.74181941e+10  3.88249222e-02 
 1.78240998e+10  3.93522562e-02 
 1.82394645e+10  3.98755518e-02 
 1.86645086e+10  4.03946043e-02 
 1.90994578e+10  4.09091441e-02 
 1.95445429e+10  4.14188706e-02 
 2.00000000e+10  4.19234701e-02 
