 1.00000000e+08  1.87062313e-02 
 1.02330354e+08  1.86459392e-02 
 1.04715014e+08  1.85686458e-02 
 1.07155245e+08  1.84730697e-02 
 1.09652342e+08  1.83580390e-02 
 1.12207630e+08  1.82225348e-02 
 1.14822466e+08  1.80657370e-02 
 1.17498236e+08  1.78870683e-02 
 1.20236362e+08  1.76862350e-02 
 1.23038295e+08  1.74632608e-02 
 1.25905523e+08  1.72185113e-02 
 1.28839568e+08  1.69527075e-02 
 1.31841987e+08  1.66669247e-02 
 1.34914372e+08  1.63625785e-02 
 1.38058355e+08  1.60413960e-02 
 1.41275604e+08  1.57053749e-02 
 1.44567827e+08  1.53567323e-02 
 1.47936769e+08  1.49978464e-02 
 1.51384220e+08  1.46311943e-02 
 1.54912009e+08  1.42592894e-02 
 1.58522008e+08  1.38846230e-02 
 1.62216133e+08  1.35096098e-02 
 1.65996343e+08  1.31365429e-02 
 1.69864646e+08  1.27675567e-02 
 1.73823095e+08  1.24045995e-02 
 1.77873789e+08  1.20494158e-02 
 1.82018879e+08  1.17035361e-02 
 1.86260564e+08  1.13682753e-02 
 1.90601095e+08  1.10447365e-02 
 1.95042776e+08  1.07338200e-02 
 1.99587964e+08  1.04362359e-02 
 2.04239071e+08  1.01525192e-02 
 2.08998565e+08  9.88304652e-03 
 2.13868972e+08  9.62805330e-03 
 2.18852877e+08  9.38765188e-03 
 2.23952925e+08  9.16184908e-03 
 2.29171822e+08  8.95056409e-03 
 2.34512337e+08  8.75364681e-03 
 2.39977306e+08  8.57089771e-03 
 2.45569627e+08  8.40209133e-03 
 2.51292270e+08  8.24700775e-03 
 2.57148271e+08  8.10548113e-03 
 2.63140737e+08  7.97748500e-03 
 2.69272848e+08  7.86330159e-03 
 2.75547860e+08  7.76389641e-03 
 2.81969102e+08  7.68184768e-03 
 2.88539981e+08  7.62398590e-03 
 2.95263985e+08  7.61035249e-03 
 3.02144683e+08  7.71348734e-03 
 3.09185725e+08  8.31646754e-03 
 3.16390848e+08  1.30429870e-02 
 3.23763876e+08  1.17940492e-02 
 3.31308722e+08  8.62264907e-03 
 3.39029389e+08  7.96634106e-03 
 3.46929975e+08  7.74659399e-03 
 3.55014673e+08  7.68220798e-03 
 3.63287773e+08  7.79169570e-03 
 3.71753666e+08  1.00525360e-02 
 3.80416844e+08  8.28864141e-03 
 3.89281904e+08  7.80311835e-03 
 3.98353552e+08  7.81981202e-03 
 4.07636602e+08  7.95952319e-03 
 4.17135980e+08  8.26658349e-03 
 4.26856726e+08  9.34646826e-03 
 4.36804001e+08  1.23347665e-02 
 4.46983082e+08  1.04753293e-02 
 4.57399372e+08  8.44384928e-03 
 4.68058398e+08  8.16148336e-03 
 4.78965818e+08  8.33316783e-03 
 4.90127419e+08  8.79862459e-03 
 5.01549125e+08  1.02006813e-02 
 5.13236997e+08  1.02377629e-02 
 5.25197238e+08  1.26938189e-02 
 5.37436195e+08  7.34804388e-03 
 5.49960363e+08  7.44828365e-03 
 5.62776388e+08  7.96724905e-03 
 5.75891073e+08  8.51749488e-03 
 5.89311376e+08  9.08754610e-03 
 6.03044419e+08  9.93613199e-03 
 6.17097492e+08  1.31609061e-02 
 6.31478050e+08  9.13297839e-03 
 6.46193727e+08  9.95515462e-03 
 6.61252331e+08  1.23150132e-02 
 6.76661854e+08  1.36594840e-02 
 6.92430473e+08  1.14644613e-02 
 7.08566557e+08  8.05203552e-03 
 7.25078669e+08  9.07309776e-03 
 7.41975572e+08  9.61388233e-03 
 7.59266232e+08  9.52922556e-03 
 7.76959826e+08  9.04769984e-03 
 7.95065744e+08  9.21226492e-03 
 8.13593593e+08  9.83318555e-03 
 8.32553207e+08  1.05588779e-02 
 8.51954648e+08  1.21934726e-02 
 8.71808210e+08  1.11789982e-02 
 8.92124431e+08  1.12414744e-02 
 9.12914092e+08  1.27179165e-02 
 9.34188226e+08  1.36719262e-02 
 9.55958123e+08  1.42654832e-02 
 9.78235335e+08  1.16416128e-02 
 1.00103169e+09  1.42955034e-02 
 1.02435927e+09  1.07128479e-02 
 1.04823047e+09  1.21390962e-02 
 1.07265796e+09  1.21932632e-02 
 1.09765469e+09  1.33071025e-02 
 1.12323393e+09  1.26742127e-02 
 1.14940927e+09  1.14704349e-02 
 1.17619457e+09  1.30155813e-02 
 1.20360408e+09  1.32970732e-02 
 1.23165232e+09  1.47585179e-02 
 1.26035418e+09  1.59837966e-02 
 1.28972490e+09  1.70852032e-02 
 1.31978006e+09  1.41225621e-02 
 1.35053561e+09  1.45161592e-02 
 1.38200788e+09  1.42720482e-02 
 1.41421356e+09  1.39695540e-02 
 1.44716975e+09  1.49916718e-02 
 1.48089393e+09  1.61742147e-02 
 1.51540401e+09  1.74691196e-02 
 1.55071830e+09  1.90883817e-02 
 1.58685553e+09  2.09270961e-02 
 1.62383489e+09  2.46731370e-02 
 1.66167599e+09  3.39078946e-02 
 1.70039893e+09  1.41630647e-02 
 1.74002425e+09  1.21612485e-02 
 1.78057299e+09  1.28993181e-02 
 1.82206665e+09  1.43246384e-02 
 1.86452726e+09  1.58512693e-02 
 1.90797735e+09  1.70825683e-02 
 1.95243999e+09  1.91508927e-02 
 1.99793876e+09  1.73354338e-02 
 2.04449781e+09  1.89255649e-02 
 2.09214185e+09  1.96249676e-02 
 2.14089617e+09  2.08286739e-02 
 2.19078664e+09  2.17863738e-02 
 2.24183974e+09  2.26140784e-02 
 2.29408255e+09  2.33468731e-02 
 2.34754280e+09  2.40017160e-02 
 2.40224887e+09  2.45901615e-02 
 2.45822978e+09  2.51220191e-02 
 2.51551525e+09  2.56063256e-02 
 2.57413567e+09  2.60513436e-02 
 2.63412215e+09  2.64642343e-02 
 2.69550653e+09  2.68506757e-02 
 2.75832139e+09  2.72144987e-02 
 2.82260005e+09  2.75572580e-02 
 2.88837664e+09  2.78774502e-02 
 2.95568605e+09  2.81686003e-02 
 3.02456401e+09  2.84137710e-02 
 3.09504707e+09  2.85668449e-02 
 3.16717263e+09  2.84704262e-02 
 3.24097898e+09  2.74397362e-02 
 3.31650528e+09  2.81228054e-02 
 3.39379160e+09  3.02943302e-02 
 3.47287898e+09  3.07531821e-02 
 3.55380937e+09  3.10103813e-02 
 3.63662572e+09  3.12258591e-02 
 3.72137199e+09  3.14210508e-02 
 3.80809314e+09  3.15989222e-02 
 3.89683521e+09  3.17592694e-02 
 3.98764528e+09  3.19014753e-02 
 4.08057155e+09  3.20250939e-02 
 4.17566333e+09  3.21299655e-02 
 4.27297108e+09  3.22162147e-02 
 4.37254645e+09  3.22842191e-02 
 4.47444228e+09  3.23345707e-02 
 4.57871264e+09  3.23680371e-02 
 4.68541287e+09  3.23855239e-02 
 4.79459960e+09  3.23880390e-02 
 4.90633076e+09  3.23766596e-02 
 5.02066566e+09  3.23524948e-02 
 5.13766496e+09  3.23167017e-02 
 5.25739076e+09  3.22703353e-02 
 5.37990660e+09  3.22144482e-02 
 5.50527749e+09  3.21499099e-02 
 5.63356997e+09  3.20771336e-02 
 5.76485211e+09  3.19942631e-02 
 5.89919360e+09  3.18186174e-02 
 6.03666571e+09  3.18597343e-02 
 6.17734142e+09  3.17718168e-02 
 6.32129537e+09  3.16623716e-02 
 6.46860395e+09  3.15618306e-02 
 6.61934535e+09  3.14549794e-02 
 6.77359956e+09  3.12687826e-02 
 6.93144843e+09  3.13176707e-02 
 7.09297575e+09  3.12007700e-02 
 7.25826722e+09  3.10973017e-02 
 7.42741057e+09  3.09955478e-02 
 7.60049556e+09  3.08826197e-02 
 7.77761404e+09  3.08382205e-02 
 7.95886001e+09  3.07280202e-02 
 8.14432966e+09  3.06314388e-02 
 8.33412140e+09  3.05336700e-02 
 8.52833597e+09  3.01406967e-02 
 8.72707642e+09  3.04580596e-02 
 8.93044823e+09  3.03188404e-02 
 9.13855932e+09  3.02314315e-02 
 9.35152014e+09  3.01510160e-02 
 9.56944371e+09  3.00743609e-02 
 9.79244566e+09  3.00006452e-02 
 1.00206443e+10  2.99295478e-02 
 1.02541609e+10  2.98609014e-02 
 1.04931192e+10  2.97945951e-02 
 1.07376460e+10  2.97305383e-02 
 1.09878712e+10  2.96686454e-02 
 1.12439276e+10  2.96088257e-02 
 1.15059509e+10  2.95509759e-02 
 1.17740804e+10  2.94949692e-02 
 1.20484582e+10  2.94406376e-02 
 1.23292299e+10  2.93877368e-02 
 1.26165447e+10  2.93358652e-02 
 1.29105549e+10  2.92842486e-02 
 1.32114166e+10  2.92310156e-02 
 1.35192894e+10  2.91695782e-02 
 1.38343368e+10  2.90433583e-02 
 1.41567259e+10  2.90839325e-02 
 1.44866277e+10  2.90845397e-02 
 1.48242175e+10  2.89685561e-02 
 1.51696743e+10  2.78784506e-02 
 1.55231815e+10  2.90295896e-02 
 1.58849266e+10  2.89930355e-02 
 1.62551017e+10  2.89561121e-02 
 1.66339032e+10  2.89222864e-02 
 1.70215321e+10  2.88908830e-02 
 1.74181941e+10  2.88614124e-02 
 1.78240998e+10  2.88335727e-02 
 1.82394645e+10  2.88071662e-02 
 1.86645086e+10  2.87820536e-02 
 1.90994578e+10  2.87581296e-02 
 1.95445429e+10  2.87353101e-02 
 2.00000000e+10  2.87135253e-02 
