 1.00000000e+08  1.89581942e-02 
 1.02330354e+08  1.89018125e-02 
 1.04715014e+08  1.88284583e-02 
 1.07155245e+08  1.87368567e-02 
 1.09652342e+08  1.86258456e-02 
 1.12207630e+08  1.84944197e-02 
 1.14822466e+08  1.83417771e-02 
 1.17498236e+08  1.81673636e-02 
 1.20236362e+08  1.79709138e-02 
 1.23038295e+08  1.77524853e-02 
 1.25905523e+08  1.75124834e-02 
 1.28839568e+08  1.72516742e-02 
 1.31841987e+08  1.69711834e-02 
 1.34914372e+08  1.66724817e-02 
 1.38058355e+08  1.63573552e-02 
 1.41275604e+08  1.60278637e-02 
 1.44567827e+08  1.56862880e-02 
 1.47936769e+08  1.53350707e-02 
 1.51384220e+08  1.49767522e-02 
 1.54912009e+08  1.46139073e-02 
 1.58522008e+08  1.42490839e-02 
 1.62216133e+08  1.38847488e-02 
 1.65996343e+08  1.35232397e-02 
 1.69864646e+08  1.31667277e-02 
 1.73823095e+08  1.28171882e-02 
 1.77873789e+08  1.24763818e-02 
 1.82018879e+08  1.21458434e-02 
 1.86260564e+08  1.18268795e-02 
 1.90601095e+08  1.15205710e-02 
 1.95042776e+08  1.12277816e-02 
 1.99587964e+08  1.09491696e-02 
 2.04239071e+08  1.06852023e-02 
 2.08998565e+08  1.04361722e-02 
 2.13868972e+08  1.02022134e-02 
 2.18852877e+08  9.98331810e-03 
 2.23952925e+08  9.77935289e-03 
 2.29171822e+08  9.59007326e-03 
 2.34512337e+08  9.41513704e-03 
 2.39977306e+08  9.25411564e-03 
 2.45569627e+08  9.10650284e-03 
 2.51292270e+08  8.97172048e-03 
 2.57148271e+08  8.84912022e-03 
 2.63140737e+08  8.73798085e-03 
 2.69272848e+08  8.63750205e-03 
 2.75547860e+08  8.54680238e-03 
 2.81969102e+08  8.46496012e-03 
 2.88539981e+08  8.39127532e-03 
 2.95263985e+08  8.32667718e-03 
 3.02144683e+08  8.28233959e-03 
 3.09185725e+08  8.35721287e-03 
 3.16390848e+08  1.01871580e-02 
 3.23763876e+08  1.05754974e-02 
 3.31308722e+08  9.08692715e-03 
 3.39029389e+08  8.76338142e-03 
 3.46929975e+08  8.66044120e-03 
 3.55014673e+08  8.65811663e-03 
 3.63287773e+08  8.82866746e-03 
 3.71753666e+08  1.13133114e-02 
 3.80416844e+08  9.12641589e-03 
 3.89281904e+08  8.65851035e-03 
 3.98353552e+08  8.64847969e-03 
 4.07636602e+08  8.71854439e-03 
 4.17135980e+08  8.91779946e-03 
 4.26856726e+08  1.02509134e-02 
 4.36804001e+08  9.25660698e-03 
 4.46983082e+08  9.40720798e-03 
 4.57399372e+08  8.99018939e-03 
 4.68058398e+08  9.10341604e-03 
 4.78965818e+08  9.27600350e-03 
 4.90127419e+08  9.53417501e-03 
 5.01549125e+08  1.00443591e-02 
 5.13236997e+08  1.05920047e-02 
 5.25197238e+08  1.20379667e-02 
 5.37436195e+08  1.19818874e-02 
 5.49960363e+08  1.35616546e-02 
 5.62776388e+08  1.11998827e-02 
 5.75891073e+08  1.10404141e-02 
 5.89311376e+08  1.13489252e-02 
 6.03044419e+08  1.27250210e-02 
 6.17097492e+08  1.05566642e-02 
 6.31478050e+08  1.04111013e-02 
 6.46193727e+08  9.04461733e-03 
 6.61252331e+08  8.19886868e-03 
 6.76661854e+08  9.63560717e-03 
 6.92430473e+08  9.73282686e-03 
 7.08566557e+08  1.04334676e-02 
 7.25078669e+08  1.46648745e-02 
 7.41975572e+08  1.29856816e-02 
 7.59266232e+08  9.72539694e-03 
 7.76959826e+08  1.03856052e-02 
 7.95065744e+08  1.07501735e-02 
 8.13593593e+08  1.15153353e-02 
 8.32553207e+08  1.27542405e-02 
 8.51954648e+08  1.65446846e-02 
 8.71808210e+08  9.25434178e-03 
 8.92124431e+08  1.15368821e-02 
 9.12914092e+08  1.19879226e-02 
 9.34188226e+08  1.53850790e-02 
 9.55958123e+08  2.00325856e-02 
 9.78235335e+08  1.38480228e-02 
 1.00103169e+09  1.18069862e-02 
 1.02435927e+09  1.03997015e-02 
 1.04823047e+09  1.25145940e-02 
 1.07265796e+09  1.05816945e-02 
 1.09765469e+09  1.13451058e-02 
 1.12323393e+09  1.13663251e-02 
 1.14940927e+09  1.11342968e-02 
 1.17619457e+09  1.22034451e-02 
 1.20360408e+09  1.23323611e-02 
 1.23165232e+09  1.36045989e-02 
 1.26035418e+09  1.55186883e-02 
 1.28972490e+09  1.65236274e-02 
 1.31978006e+09  1.34939259e-02 
 1.35053561e+09  1.35316189e-02 
 1.38200788e+09  1.29331675e-02 
 1.41421356e+09  1.21119981e-02 
 1.44716975e+09  1.25581169e-02 
 1.48089393e+09  1.32210654e-02 
 1.51540401e+09  1.39360560e-02 
 1.55071830e+09  1.48209537e-02 
 1.58685553e+09  1.54509521e-02 
 1.62383489e+09  1.66966764e-02 
 1.66167599e+09  1.83488848e-02 
 1.70039893e+09  1.50067656e-02 
 1.74002425e+09  1.76042529e-02 
 1.78057299e+09  1.80066514e-02 
 1.82206665e+09  1.72174869e-02 
 1.86452726e+09  2.52766800e-02 
 1.90797735e+09  1.28565058e-02 
 1.95243999e+09  1.39726484e-02 
 1.99793876e+09  1.41627638e-02 
 2.04449781e+09  1.57368056e-02 
 2.09214185e+09  1.60670549e-02 
 2.14089617e+09  1.71689403e-02 
 2.19078664e+09  1.80374837e-02 
 2.24183974e+09  1.87724171e-02 
 2.29408255e+09  1.94081160e-02 
 2.34754280e+09  1.99617481e-02 
 2.40224887e+09  2.04448196e-02 
 2.45822978e+09  2.08669170e-02 
 2.51551525e+09  2.12368896e-02 
 2.57413567e+09  2.15630085e-02 
 2.63412215e+09  2.18527304e-02 
 2.69550653e+09  2.21123531e-02 
 2.75832139e+09  2.23466623e-02 
 2.82260005e+09  2.25585209e-02 
 2.88837664e+09  2.27481631e-02 
 2.95568605e+09  2.29114985e-02 
 3.02456401e+09  2.30351772e-02 
 3.09504707e+09  2.30791923e-02 
 3.16717263e+09  2.28960546e-02 
 3.24097898e+09  2.17489861e-02 
 3.31650528e+09  2.17052994e-02 
 3.39379160e+09  2.38742044e-02 
 3.47287898e+09  2.43167295e-02 
 3.55380937e+09  2.45102644e-02 
 3.63662572e+09  2.46473563e-02 
 3.72137199e+09  2.47612880e-02 
 3.80809314e+09  2.48600169e-02 
 3.89683521e+09  2.49457710e-02 
 3.98764528e+09  2.50192230e-02 
 4.08057155e+09  2.50806241e-02 
 4.17566333e+09  2.51301620e-02 
 4.27297108e+09  2.51680818e-02 
 4.37254645e+09  2.51947228e-02 
 4.47444228e+09  2.52105233e-02 
 4.57871264e+09  2.52160108e-02 
 4.68541287e+09  2.52117870e-02 
 4.79459960e+09  2.51985097e-02 
 4.90633076e+09  2.51768741e-02 
 5.02066566e+09  2.51475901e-02 
 5.13766496e+09  2.51113958e-02 
 5.25739076e+09  2.50689538e-02 
 5.37990660e+09  2.50209209e-02 
 5.50527749e+09  2.49678199e-02 
 5.63356997e+09  2.49098379e-02 
 5.76485211e+09  2.48454751e-02 
 5.89919360e+09  2.47071650e-02 
 6.03666571e+09  2.47401308e-02 
 6.17734142e+09  2.46853803e-02 
 6.32129537e+09  2.45990810e-02 
 6.46860395e+09  2.45249167e-02 
 6.61934535e+09  2.44468769e-02 
 6.77359956e+09  2.43032343e-02 
 6.93144843e+09  2.43480704e-02 
 7.09297575e+09  2.42660975e-02 
 7.25826722e+09  2.41928079e-02 
 7.42741057e+09  2.41207705e-02 
 7.60049556e+09  2.40396016e-02 
 7.77761404e+09  2.40111018e-02 
 7.95886001e+09  2.39339942e-02 
 8.14432966e+09  2.38658072e-02 
 8.33412140e+09  2.37955059e-02 
 8.52833597e+09  2.34100660e-02 
 8.72707642e+09  2.37761356e-02 
 8.93044823e+09  2.36595109e-02 
 9.13855932e+09  2.35967792e-02 
 9.35152014e+09  2.35405632e-02 
 9.56944371e+09  2.34874952e-02 
 9.79244566e+09  2.34367206e-02 
 1.00206443e+10  2.33879049e-02 
 1.02541609e+10  2.33408755e-02 
 1.04931192e+10  2.32955206e-02 
 1.07376460e+10  2.32517528e-02 
 1.09878712e+10  2.32094924e-02 
 1.12439276e+10  2.31686581e-02 
 1.15059509e+10  2.31291584e-02 
 1.17740804e+10  2.30908816e-02 
 1.20484582e+10  2.30536788e-02 
 1.23292299e+10  2.30173305e-02 
 1.26165447e+10  2.29814699e-02 
 1.29105549e+10  2.29453786e-02 
 1.32114166e+10  2.29072941e-02 
 1.35192894e+10  2.28609162e-02 
 1.38343368e+10  2.27507321e-02 
 1.41567259e+10  2.27771042e-02 
 1.44866277e+10  2.28089850e-02 
 1.48242175e+10  2.27072652e-02 
 1.51696743e+10  2.15293722e-02 
 1.55231815e+10  2.27843003e-02 
 1.58849266e+10  2.27617934e-02 
 1.62551017e+10  2.27361646e-02 
 1.66339032e+10  2.27126760e-02 
 1.70215321e+10  2.26909958e-02 
 1.74181941e+10  2.26707557e-02 
 1.78240998e+10  2.26517133e-02 
 1.82394645e+10  2.26337078e-02 
 1.86645086e+10  2.26166260e-02 
 1.90994578e+10  2.26003839e-02 
 1.95445429e+10  2.25849153e-02 
 2.00000000e+10  2.25701660e-02 
