 1.00000000e+08  1.89160171e-02 
 1.02330354e+08  1.88555079e-02 
 1.04715014e+08  1.87778786e-02 
 1.07155245e+08  1.86818678e-02 
 1.09652342e+08  1.85663298e-02 
 1.12207630e+08  1.84302791e-02 
 1.14822466e+08  1.82729366e-02 
 1.17498236e+08  1.80937741e-02 
 1.20236362e+08  1.78925550e-02 
 1.23038295e+08  1.76693682e-02 
 1.25905523e+08  1.74246521e-02 
 1.28839568e+08  1.71592072e-02 
 1.31841987e+08  1.68741946e-02 
 1.34914372e+08  1.65711204e-02 
 1.38058355e+08  1.62518058e-02 
 1.41275604e+08  1.59183442e-02 
 1.44567827e+08  1.55730488e-02 
 1.47936769e+08  1.52183924e-02 
 1.51384220e+08  1.48569432e-02 
 1.54912009e+08  1.44913012e-02 
 1.58522008e+08  1.41240373e-02 
 1.62216133e+08  1.37576384e-02 
 1.65996343e+08  1.33944598e-02 
 1.69864646e+08  1.30366881e-02 
 1.73823095e+08  1.26863120e-02 
 1.77873789e+08  1.23451039e-02 
 1.82018879e+08  1.20146088e-02 
 1.86260564e+08  1.16961423e-02 
 1.90601095e+08  1.13907934e-02 
 1.95042776e+08  1.10994339e-02 
 1.99587964e+08  1.08227302e-02 
 2.04239071e+08  1.05611588e-02 
 2.08998565e+08  1.03150231e-02 
 2.13868972e+08  1.00844713e-02 
 2.18852877e+08  9.86951513e-03 
 2.23952925e+08  9.67004791e-03 
 2.29171822e+08  9.48586389e-03 
 2.34512337e+08  9.31667731e-03 
 2.39977306e+08  9.16214300e-03 
 2.45569627e+08  9.02188011e-03 
 2.51292270e+08  8.89550260e-03 
 2.57148271e+08  8.78266424e-03 
 2.63140737e+08  8.68313545e-03 
 2.69272848e+08  8.59695264e-03 
 2.75547860e+08  8.52474584e-03 
 2.81969102e+08  8.46854880e-03 
 2.88539981e+08  8.43410050e-03 
 2.95263985e+08  8.43867680e-03 
 3.02144683e+08  8.54565447e-03 
 3.09185725e+08  9.09545395e-03 
 3.16390848e+08  1.34761744e-02 
 3.23763876e+08  1.23214167e-02 
 3.31308722e+08  9.41976719e-03 
 3.39029389e+08  8.84885899e-03 
 3.46929975e+08  8.66717137e-03 
 3.55014673e+08  8.61904145e-03 
 3.63287773e+08  8.71332135e-03 
 3.71753666e+08  1.06719020e-02 
 3.80416844e+08  9.20660391e-03 
 3.89281904e+08  8.77520632e-03 
 3.98353552e+08  8.77626249e-03 
 4.07636602e+08  8.86845529e-03 
 4.17135980e+08  9.07081576e-03 
 4.26856726e+08  9.91214704e-03 
 4.36804001e+08  1.18618245e-02 
 4.46983082e+08  1.05969496e-02 
 4.57399372e+08  9.43102728e-03 
 4.68058398e+08  9.30251218e-03 
 4.78965818e+08  9.48392888e-03 
 4.90127419e+08  9.95365310e-03 
 5.01549125e+08  1.14552226e-02 
 5.13236997e+08  9.88445347e-03 
 5.25197238e+08  1.04217888e-02 
 5.37436195e+08  1.12951011e-02 
 5.49960363e+08  1.18274662e-02 
 5.62776388e+08  1.16052143e-02 
 5.75891073e+08  1.28031890e-02 
 5.89311376e+08  1.34731629e-02 
 6.03044419e+08  1.20414869e-02 
 6.17097492e+08  1.20564898e-02 
 6.31478050e+08  1.49329180e-02 
 6.46193727e+08  1.20474347e-02 
 6.61252331e+08  1.37829280e-02 
 6.76661854e+08  1.44537727e-02 
 6.92430473e+08  9.69657198e-03 
 7.08566557e+08  7.75831707e-03 
 7.25078669e+08  1.00571741e-02 
 7.41975572e+08  1.03127912e-02 
 7.59266232e+08  1.23965553e-02 
 7.76959826e+08  1.01465944e-02 
 7.95065744e+08  1.02595634e-02 
 8.13593593e+08  1.10409583e-02 
 8.32553207e+08  1.16061878e-02 
 8.51954648e+08  1.33176612e-02 
 8.71808210e+08  1.17008651e-02 
 8.92124431e+08  1.26774348e-02 
 9.12914092e+08  1.36630469e-02 
 9.34188226e+08  1.56196792e-02 
 9.55958123e+08  1.64396108e-02 
 9.78235335e+08  1.30724016e-02 
 1.00103169e+09  1.64032404e-02 
 1.02435927e+09  1.20786688e-02 
 1.04823047e+09  1.48430224e-02 
 1.07265796e+09  1.43935275e-02 
 1.09765469e+09  1.10439215e-02 
 1.12323393e+09  1.20756314e-02 
 1.14940927e+09  1.24593189e-02 
 1.17619457e+09  1.41012742e-02 
 1.20360408e+09  1.53150813e-02 
 1.23165232e+09  1.78115278e-02 
 1.26035418e+09  2.22635364e-02 
 1.28972490e+09  1.35289429e-02 
 1.31978006e+09  1.66499886e-02 
 1.35053561e+09  1.11893036e-02 
 1.38200788e+09  1.37859180e-02 
 1.41421356e+09  1.28777304e-02 
 1.44716975e+09  1.35346532e-02 
 1.48089393e+09  1.45620562e-02 
 1.51540401e+09  1.58129432e-02 
 1.55071830e+09  1.90005694e-02 
 1.58685553e+09  1.61811528e-02 
 1.62383489e+09  1.80925527e-02 
 1.66167599e+09  1.98698631e-02 
 1.70039893e+09  1.70519785e-02 
 1.74002425e+09  1.99622512e-02 
 1.78057299e+09  2.02027461e-02 
 1.82206665e+09  2.08626791e-02 
 1.86452726e+09  1.43887144e-02 
 1.90797735e+09  1.50630586e-02 
 1.95243999e+09  1.90048059e-02 
 1.99793876e+09  1.72943206e-02 
 2.04449781e+09  1.92641128e-02 
 2.09214185e+09  1.99028050e-02 
 2.14089617e+09  2.13397729e-02 
 2.19078664e+09  2.24411275e-02 
 2.24183974e+09  2.33600513e-02 
 2.29408255e+09  2.41429119e-02 
 2.34754280e+09  2.48112154e-02 
 2.40224887e+09  2.53789693e-02 
 2.45822978e+09  2.58579186e-02 
 2.51551525e+09  2.62590974e-02 
 2.57413567e+09  2.65930006e-02 
 2.63412215e+09  2.68692688e-02 
 2.69550653e+09  2.70962768e-02 
 2.75832139e+09  2.72807574e-02 
 2.82260005e+09  2.74273898e-02 
 2.88837664e+09  2.75380164e-02 
 2.95568605e+09  2.76094690e-02 
 3.02456401e+09  2.76263893e-02 
 3.09504707e+09  2.75325265e-02 
 3.16717263e+09  2.70741957e-02 
 3.24097898e+09  2.44954233e-02 
 3.31650528e+09  2.07546545e-02 
 3.39379160e+09  2.57995497e-02 
 3.47287898e+09  2.69186866e-02 
 3.55380937e+09  2.72448904e-02 
 3.63662572e+09  2.73563155e-02 
 3.72137199e+09  2.73823263e-02 
 3.80809314e+09  2.73646024e-02 
 3.89683521e+09  2.73203029e-02 
 3.98764528e+09  2.72578789e-02 
 4.08057155e+09  2.71821301e-02 
 4.17566333e+09  2.70961224e-02 
 4.27297108e+09  2.70020140e-02 
 4.37254645e+09  2.69014450e-02 
 4.47444228e+09  2.67957369e-02 
 4.57871264e+09  2.66859994e-02 
 4.68541287e+09  2.65731912e-02 
 4.79459960e+09  2.64581559e-02 
 4.90633076e+09  2.63416430e-02 
 5.02066566e+09  2.62243127e-02 
 5.13766496e+09  2.61068113e-02 
 5.25739076e+09  2.59895973e-02 
 5.37990660e+09  2.58731365e-02 
 5.50527749e+09  2.57576760e-02 
 5.63356997e+09  2.56428519e-02 
 5.76485211e+09  2.55247901e-02 
 5.89919360e+09  2.53011303e-02 
 6.03666571e+09  2.51340637e-02 
 6.17734142e+09  2.44352790e-02 
 6.32129537e+09  2.49483162e-02 
 6.46860395e+09  2.49088072e-02 
 6.61934535e+09  2.48204144e-02 
 6.77359956e+09  2.46428656e-02 
 6.93144843e+09  2.47168146e-02 
 7.09297575e+09  2.46020224e-02 
 7.25826722e+09  2.45061523e-02 
 7.42741057e+09  2.44123967e-02 
 7.60049556e+09  2.43047022e-02 
 7.77761404e+09  2.42801743e-02 
 7.95886001e+09  2.41596755e-02 
 8.14432966e+09  2.40354472e-02 
 8.33412140e+09  2.38144106e-02 
 8.52833597e+09  2.23953992e-02 
 8.72707642e+09  1.84370180e-02 
 8.93044823e+09  2.36243424e-02 
 9.13855932e+09  2.37523359e-02 
 9.35152014e+09  2.37373943e-02 
 9.56944371e+09  2.36973573e-02 
 9.79244566e+09  2.36510448e-02 
 1.00206443e+10  2.36034674e-02 
 1.02541609e+10  2.35563391e-02 
 1.04931192e+10  2.35103247e-02 
 1.07376460e+10  2.34656855e-02 
 1.09878712e+10  2.34225037e-02 
 1.12439276e+10  2.33807683e-02 
 1.15059509e+10  2.33404102e-02 
 1.17740804e+10  2.33013099e-02 
 1.20484582e+10  2.32632878e-02 
 1.23292299e+10  2.32260693e-02 
 1.26165447e+10  2.31891984e-02 
 1.29105549e+10  2.31518076e-02 
 1.32114166e+10  2.31118705e-02 
 1.35192894e+10  2.30626400e-02 
 1.38343368e+10  2.29511103e-02 
 1.41567259e+10  2.30501576e-02 
 1.44866277e+10  2.29971806e-02 
 1.48242175e+10  2.27990669e-02 
 1.51696743e+10  1.89104045e-02 
 1.55231815e+10  2.29707451e-02 
 1.58849266e+10  2.29817133e-02 
 1.62551017e+10  2.29609723e-02 
 1.66339032e+10  2.29387800e-02 
 1.70215321e+10  2.29176439e-02 
 1.74181941e+10  2.28977792e-02 
 1.78240998e+10  2.28790957e-02 
 1.82394645e+10  2.28614740e-02 
 1.86645086e+10  2.28448099e-02 
 1.90994578e+10  2.28290172e-02 
 1.95445429e+10  2.28140251e-02 
 2.00000000e+10  2.27997744e-02 
