 1.00000000e+08  1.81276574e-02 
 1.02330354e+08  1.80980534e-02 
 1.04715014e+08  1.80520241e-02 
 1.07155245e+08  1.79880511e-02 
 1.09652342e+08  1.79046805e-02 
 1.12207630e+08  1.78005699e-02 
 1.14822466e+08  1.76745394e-02 
 1.17498236e+08  1.75256246e-02 
 1.20236362e+08  1.73531289e-02 
 1.23038295e+08  1.71566720e-02 
 1.25905523e+08  1.69362314e-02 
 1.28839568e+08  1.66921725e-02 
 1.31841987e+08  1.64252656e-02 
 1.34914372e+08  1.61366867e-02 
 1.38058355e+08  1.58280020e-02 
 1.41275604e+08  1.55011347e-02 
 1.44567827e+08  1.51583182e-02 
 1.47936769e+08  1.48020361e-02 
 1.51384220e+08  1.44349547e-02 
 1.54912009e+08  1.40598509e-02 
 1.58522008e+08  1.36795403e-02 
 1.62216133e+08  1.32968097e-02 
 1.65996343e+08  1.29143563e-02 
 1.69864646e+08  1.25347368e-02 
 1.73823095e+08  1.21603269e-02 
 1.77873789e+08  1.17932918e-02 
 1.82018879e+08  1.14355675e-02 
 1.86260564e+08  1.10888516e-02 
 1.90601095e+08  1.07546017e-02 
 1.95042776e+08  1.04340420e-02 
 1.99587964e+08  1.01281732e-02 
 2.04239071e+08  9.83778720e-03 
 2.08998565e+08  9.56348473e-03 
 2.13868972e+08  9.30569368e-03 
 2.18852877e+08  9.06468953e-03 
 2.23952925e+08  8.84061670e-03 
 2.29171822e+08  8.63351163e-03 
 2.34512337e+08  8.44332888e-03 
 2.39977306e+08  8.26997296e-03 
 2.45569627e+08  8.11334084e-03 
 2.51292270e+08  7.97338520e-03 
 2.57148271e+08  7.85021861e-03 
 2.63140737e+08  7.74430208e-03 
 2.69272848e+08  7.65681866e-03 
 2.75547860e+08  7.59048428e-03 
 2.81969102e+08  7.55149847e-03 
 2.88539981e+08  7.55486299e-03 
 2.95263985e+08  7.64145290e-03 
 3.02144683e+08  7.94660773e-03 
 3.09185725e+08  9.07863620e-03 
 3.16390848e+08  1.47143978e-02 
 3.23763876e+08  1.40083837e-02 
 3.31308722e+08  9.46778175e-03 
 3.39029389e+08  8.49942108e-03 
 3.46929975e+08  8.09209349e-03 
 3.55014673e+08  7.93419428e-03 
 3.63287773e+08  7.88797861e-03 
 3.71753666e+08  7.91443651e-03 
 3.80416844e+08  8.01955647e-03 
 3.89281904e+08  8.29327885e-03 
 3.98353552e+08  9.40246242e-03 
 4.07636602e+08  1.00520024e-02 
 4.17135980e+08  8.68877628e-03 
 4.26856726e+08  9.95918803e-03 
 4.36804001e+08  9.64208653e-03 
 4.46983082e+08  1.06513780e-02 
 4.57399372e+08  9.82719063e-03 
 4.68058398e+08  9.38012706e-03 
 4.78965818e+08  9.17056345e-03 
 4.90127419e+08  8.85607985e-03 
 5.01549125e+08  9.78609351e-03 
 5.13236997e+08  8.85682079e-03 
 5.25197238e+08  8.95347453e-03 
 5.37436195e+08  9.75753014e-03 
 5.49960363e+08  9.09775352e-03 
 5.62776388e+08  9.57759342e-03 
 5.75891073e+08  1.05139040e-02 
 5.89311376e+08  1.08787166e-02 
 6.03044419e+08  1.19617574e-02 
 6.17097492e+08  9.56832165e-03 
 6.31478050e+08  9.37014132e-03 
 6.46193727e+08  9.71687776e-03 
 6.61252331e+08  1.07489606e-02 
 6.76661854e+08  1.20692070e-02 
 6.92430473e+08  1.06236527e-02 
 7.08566557e+08  1.12534922e-02 
 7.25078669e+08  1.15712122e-02 
 7.41975572e+08  1.39424965e-02 
 7.59266232e+08  1.42462302e-02 
 7.76959826e+08  9.28657122e-03 
 7.95065744e+08  1.09774974e-02 
 8.13593593e+08  1.22892284e-02 
 8.32553207e+08  1.15757871e-02 
 8.51954648e+08  1.24987715e-02 
 8.71808210e+08  1.51623588e-02 
 8.92124431e+08  2.00921594e-02 
 9.12914092e+08  1.10659731e-02 
 9.34188226e+08  9.63716028e-03 
 9.55958123e+08  1.15057994e-02 
 9.78235335e+08  1.37564724e-02 
 1.00103169e+09  9.89276263e-03 
 1.02435927e+09  1.17249458e-02 
 1.04823047e+09  1.23828633e-02 
 1.07265796e+09  1.18578866e-02 
 1.09765469e+09  1.32347878e-02 
 1.12323393e+09  1.32199706e-02 
 1.14940927e+09  1.51056475e-02 
 1.17619457e+09  1.27262246e-02 
 1.20360408e+09  1.15302726e-02 
 1.23165232e+09  1.15657253e-02 
 1.26035418e+09  1.24004308e-02 
 1.28972490e+09  1.41001922e-02 
 1.31978006e+09  1.42589380e-02 
 1.35053561e+09  1.37525999e-02 
 1.38200788e+09  1.37083357e-02 
 1.41421356e+09  1.28944945e-02 
 1.44716975e+09  1.35236587e-02 
 1.48089393e+09  1.45236762e-02 
 1.51540401e+09  1.57001755e-02 
 1.55071830e+09  1.72653276e-02 
 1.58685553e+09  1.74357566e-02 
 1.62383489e+09  1.46060524e-02 
 1.66167599e+09  1.74406562e-02 
 1.70039893e+09  1.75148911e-02 
 1.74002425e+09  1.63185621e-02 
 1.78057299e+09  2.13190208e-02 
 1.82206665e+09  1.49650566e-02 
 1.86452726e+09  1.96483958e-02 
 1.90797735e+09  1.30438260e-02 
 1.95243999e+09  1.59128027e-02 
 1.99793876e+09  1.75628238e-02 
 2.04449781e+09  1.88425758e-02 
 2.09214185e+09  1.90130862e-02 
 2.14089617e+09  2.05859890e-02 
 2.19078664e+09  2.14218694e-02 
 2.24183974e+09  2.20387514e-02 
 2.29408255e+09  2.22670103e-02 
 2.34754280e+09  2.10822310e-02 
 2.40224887e+09  1.73791767e-02 
 2.45822978e+09  1.98772142e-02 
 2.51551525e+09  2.18869884e-02 
 2.57413567e+09  2.27980975e-02 
 2.63412215e+09  2.32976881e-02 
 2.69550653e+09  2.36177375e-02 
 2.75832139e+09  2.38469320e-02 
 2.82260005e+09  2.40250285e-02 
 2.88837664e+09  2.41703002e-02 
 2.95568605e+09  2.42880253e-02 
 3.02456401e+09  2.43713189e-02 
 3.09504707e+09  2.43946928e-02 
 3.16717263e+09  2.42904918e-02 
 3.24097898e+09  2.38660991e-02 
 3.31650528e+09  2.25737004e-02 
 3.39379160e+09  2.22255194e-02 
 3.47287898e+09  2.58888856e-02 
 3.55380937e+09  2.68677616e-02 
 3.63662572e+09  2.71852080e-02 
 3.72137199e+09  2.73973290e-02 
 3.80809314e+09  2.75902776e-02 
 3.89683521e+09  2.77788129e-02 
 3.98764528e+09  2.79641858e-02 
 4.08057155e+09  2.81448735e-02 
 4.17566333e+09  2.83188365e-02 
 4.27297108e+09  2.84852248e-02 
 4.37254645e+09  2.86417075e-02 
 4.47444228e+09  2.87878333e-02 
 4.57871264e+09  2.89229356e-02 
 4.68541287e+09  2.90466484e-02 
 4.79459960e+09  2.91588382e-02 
 4.90633076e+09  2.92595629e-02 
 5.02066566e+09  2.93490343e-02 
 5.13766496e+09  2.94275819e-02 
 5.25739076e+09  2.94956120e-02 
 5.37990660e+09  2.95535482e-02 
 5.50527749e+09  2.96017050e-02 
 5.63356997e+09  2.96398605e-02 
 5.76485211e+09  2.96645948e-02 
 5.89919360e+09  2.95317079e-02 
 6.03666571e+09  2.97509850e-02 
 6.17734142e+09  2.97539202e-02 
 6.32129537e+09  2.97595635e-02 
 6.46860395e+09  2.97623808e-02 
 6.61934535e+09  2.97609717e-02 
 6.77359956e+09  2.97514655e-02 
 6.93144843e+09  2.96978941e-02 
 7.09297575e+09  3.00518292e-02 
 7.25826722e+09  2.98454576e-02 
 7.42741057e+09  2.98475855e-02 
 7.60049556e+09  2.98648240e-02 
 7.77761404e+09  2.95325558e-02 
 7.95886001e+09  2.69048016e-02 
 8.14432966e+09  2.92337306e-02 
 8.33412140e+09  2.94116908e-02 
 8.52833597e+09  2.03308791e-02 
 8.72707642e+09  1.69490234e-02 
 8.93044823e+09  2.73126734e-02 
 9.13855932e+09  2.82878374e-02 
 9.35152014e+09  2.85870186e-02 
 9.56944371e+09  2.87163106e-02 
 9.79244566e+09  2.87794675e-02 
 1.00206443e+10  2.88104505e-02 
 1.02541609e+10  2.88235421e-02 
 1.04931192e+10  2.88257765e-02 
 1.07376460e+10  2.88210144e-02 
 1.09878712e+10  2.88115442e-02 
 1.12439276e+10  2.87987973e-02 
 1.15059509e+10  2.87836976e-02 
 1.17740804e+10  2.87668422e-02 
 1.20484582e+10  2.87485924e-02 
 1.23292299e+10  2.87291073e-02 
 1.26165447e+10  2.87083195e-02 
 1.29105549e+10  2.86858146e-02 
 1.32114166e+10  2.86604564e-02 
 1.35192894e+10  2.86291110e-02 
 1.38343368e+10  2.85805809e-02 
 1.41567259e+10  2.84323921e-02 
 1.44866277e+10  2.83113359e-02 
 1.48242175e+10  2.79129349e-02 
 1.51696743e+10  2.81626915e-02 
 1.55231815e+10  2.86164687e-02 
 1.58849266e+10  2.85982869e-02 
 1.62551017e+10  2.85785863e-02 
 1.66339032e+10  2.85606606e-02 
 1.70215321e+10  2.85441564e-02 
 1.74181941e+10  2.85287544e-02 
 1.78240998e+10  2.85142469e-02 
 1.82394645e+10  2.85004976e-02 
 1.86645086e+10  2.84874134e-02 
 1.90994578e+10  2.84749272e-02 
 1.95445429e+10  2.84629884e-02 
 2.00000000e+10  2.84515571e-02 
