 1.00000000e+08  1.95808402e-02 
 1.02330354e+08  1.95482655e-02 
 1.04715014e+08  1.94990541e-02 
 1.07155245e+08  1.94316588e-02 
 1.09652342e+08  1.93445988e-02 
 1.12207630e+08  1.92365077e-02 
 1.14822466e+08  1.91061860e-02 
 1.17498236e+08  1.89526559e-02 
 1.20236362e+08  1.87752153e-02 
 1.23038295e+08  1.85734871e-02 
 1.25905523e+08  1.83474621e-02 
 1.28839568e+08  1.80975298e-02 
 1.31841987e+08  1.78244949e-02 
 1.34914372e+08  1.75295781e-02 
 1.38058355e+08  1.72143985e-02 
 1.41275604e+08  1.68809395e-02 
 1.44567827e+08  1.65314982e-02 
 1.47936769e+08  1.61686232e-02 
 1.51384220e+08  1.57950434e-02 
 1.54912009e+08  1.54135925e-02 
 1.58522008e+08  1.50271337e-02 
 1.62216133e+08  1.46384892e-02 
 1.65996343e+08  1.42503768e-02 
 1.69864646e+08  1.38653564e-02 
 1.73823095e+08  1.34857884e-02 
 1.77873789e+08  1.31138033e-02 
 1.82018879e+08  1.27512822e-02 
 1.86260564e+08  1.23998481e-02 
 1.90601095e+08  1.20608659e-02 
 1.95042776e+08  1.17354482e-02 
 1.99587964e+08  1.14244687e-02 
 2.04239071e+08  1.11285773e-02 
 2.08998565e+08  1.08482189e-02 
 2.13868972e+08  1.05836536e-02 
 2.18852877e+08  1.03349768e-02 
 2.23952925e+08  1.01021391e-02 
 2.29171822e+08  9.88496690e-03 
 2.34512337e+08  9.68318084e-03 
 2.39977306e+08  9.49641591e-03 
 2.45569627e+08  9.32424228e-03 
 2.51292270e+08  9.16619154e-03 
 2.57148271e+08  9.02179564e-03 
 2.63140737e+08  8.89065690e-03 
 2.69272848e+08  8.77259433e-03 
 2.75547860e+08  8.66798880e-03 
 2.81969102e+08  8.57869189e-03 
 2.88539981e+08  8.51074056e-03 
 2.95263985e+08  8.48392164e-03 
 3.02144683e+08  8.57444155e-03 
 3.09185725e+08  9.18593115e-03 
 3.16390848e+08  1.33943936e-02 
 3.23763876e+08  1.37131786e-02 
 3.31308722e+08  1.05912093e-02 
 3.39029389e+08  9.57076137e-03 
 3.46929975e+08  9.10525392e-03 
 3.55014673e+08  8.91886610e-03 
 3.63287773e+08  8.83469253e-03 
 3.71753666e+08  8.80781265e-03 
 3.80416844e+08  8.82722865e-03 
 3.89281904e+08  8.91147854e-03 
 3.98353552e+08  9.22878701e-03 
 4.07636602e+08  9.37452661e-03 
 4.17135980e+08  9.25381695e-03 
 4.26856726e+08  1.06588335e-02 
 4.36804001e+08  1.04579834e-02 
 4.46983082e+08  1.10667562e-02 
 4.57399372e+08  1.02005394e-02 
 4.68058398e+08  1.01731647e-02 
 4.78965818e+08  1.15814422e-02 
 4.90127419e+08  1.00765881e-02 
 5.01549125e+08  1.15830943e-02 
 5.13236997e+08  9.95001217e-03 
 5.25197238e+08  1.08444269e-02 
 5.37436195e+08  1.52541886e-02 
 5.49960363e+08  1.05486177e-02 
 5.62776388e+08  9.70812139e-03 
 5.75891073e+08  1.03081704e-02 
 5.89311376e+08  8.37041975e-03 
 6.03044419e+08  9.06888983e-03 
 6.17097492e+08  9.38837828e-03 
 6.31478050e+08  1.11174074e-02 
 6.46193727e+08  1.08997803e-02 
 6.61252331e+08  1.04527000e-02 
 6.76661854e+08  1.35951303e-02 
 6.92430473e+08  1.06838728e-02 
 7.08566557e+08  8.75536469e-03 
 7.25078669e+08  1.02019827e-02 
 7.41975572e+08  9.87492416e-03 
 7.59266232e+08  1.09510023e-02 
 7.76959826e+08  1.12008118e-02 
 7.95065744e+08  1.18877022e-02 
 8.13593593e+08  1.26676135e-02 
 8.32553207e+08  1.11562642e-02 
 8.51954648e+08  1.24834961e-02 
 8.71808210e+08  1.27068109e-02 
 8.92124431e+08  1.36629975e-02 
 9.12914092e+08  1.17920135e-02 
 9.34188226e+08  1.46610165e-02 
 9.55958123e+08  1.65087057e-02 
 9.78235335e+08  1.00504652e-02 
 1.00103169e+09  1.19265608e-02 
 1.02435927e+09  1.43740843e-02 
 1.04823047e+09  1.51615948e-02 
 1.07265796e+09  1.29336441e-02 
 1.09765469e+09  1.47324366e-02 
 1.12323393e+09  1.43888123e-02 
 1.14940927e+09  1.42639380e-02 
 1.17619457e+09  1.29142874e-02 
 1.20360408e+09  1.28438919e-02 
 1.23165232e+09  1.23702428e-02 
 1.26035418e+09  1.36792575e-02 
 1.28972490e+09  1.87070265e-02 
 1.31978006e+09  1.22017338e-02 
 1.35053561e+09  1.46955778e-02 
 1.38200788e+09  1.14648537e-02 
 1.41421356e+09  1.25875929e-02 
 1.44716975e+09  1.33077868e-02 
 1.48089393e+09  1.44256504e-02 
 1.51540401e+09  1.58184603e-02 
 1.55071830e+09  1.79577534e-02 
 1.58685553e+09  1.94374742e-02 
 1.62383489e+09  1.40370315e-02 
 1.66167599e+09  1.53250404e-02 
 1.70039893e+09  1.57321869e-02 
 1.74002425e+09  1.52672515e-02 
 1.78057299e+09  1.77743834e-02 
 1.82206665e+09  1.73355543e-02 
 1.86452726e+09  1.76232207e-02 
 1.90797735e+09  1.58972405e-02 
 1.95243999e+09  1.74171284e-02 
 1.99793876e+09  1.86578509e-02 
 2.04449781e+09  1.99745697e-02 
 2.09214185e+09  2.24667206e-02 
 2.14089617e+09  2.03260515e-02 
 2.19078664e+09  2.13334187e-02 
 2.24183974e+09  2.19697779e-02 
 2.29408255e+09  2.21880917e-02 
 2.34754280e+09  2.10329741e-02 
 2.40224887e+09  1.76201729e-02 
 2.45822978e+09  2.00965032e-02 
 2.51551525e+09  2.20018685e-02 
 2.57413567e+09  2.28610656e-02 
 2.63412215e+09  2.33326368e-02 
 2.69550653e+09  2.36362510e-02 
 2.75832139e+09  2.38555256e-02 
 2.82260005e+09  2.40278615e-02 
 2.88837664e+09  2.41703883e-02 
 2.95568605e+09  2.42879298e-02 
 3.02456401e+09  2.43737028e-02 
 3.09504707e+09  2.44030209e-02 
 3.16717263e+09  2.43103333e-02 
 3.24097898e+09  2.39079805e-02 
 3.31650528e+09  2.26525040e-02 
 3.39379160e+09  2.22254536e-02 
 3.47287898e+09  2.57869462e-02 
 3.55380937e+09  2.67776666e-02 
 3.63662572e+09  2.71100445e-02 
 3.72137199e+09  2.73333903e-02 
 3.80809314e+09  2.75352658e-02 
 3.89683521e+09  2.77314972e-02 
 3.98764528e+09  2.79239360e-02 
 4.08057155e+09  2.81114233e-02 
 4.17566333e+09  2.82927871e-02 
 4.27297108e+09  2.84639532e-02 
 4.37254645e+09  2.86270667e-02 
 4.47444228e+09  2.87795351e-02 
 4.57871264e+09  2.89208392e-02 
 4.68541287e+09  2.90506056e-02 
 4.79459960e+09  2.91686727e-02 
 4.90633076e+09  2.92750664e-02 
 5.02066566e+09  2.93699698e-02 
 5.13766496e+09  2.94536907e-02 
 5.25739076e+09  2.95266240e-02 
 5.37990660e+09  2.95891989e-02 
 5.50527749e+09  2.96417654e-02 
 5.63356997e+09  2.96842122e-02 
 5.76485211e+09  2.97135621e-02 
 5.89919360e+09  2.95952002e-02 
 6.03666571e+09  2.98025589e-02 
 6.17734142e+09  2.98108169e-02 
 6.32129537e+09  2.98215455e-02 
 6.46860395e+09  2.98311249e-02 
 6.61934535e+09  2.98409766e-02 
 6.77359956e+09  2.98553866e-02 
 6.93144843e+09  2.98726109e-02 
 7.09297575e+09  2.54780083e-02 
 7.25826722e+09  2.95989886e-02 
 7.42741057e+09  2.96817732e-02 
 7.60049556e+09  2.96989303e-02 
 7.77761404e+09  2.96907880e-02 
 7.95886001e+09  2.99021453e-02 
 8.14432966e+09  2.97900021e-02 
 8.33412140e+09  2.96216858e-02 
 8.52833597e+09  1.93629932e-02 
 8.72707642e+09  1.89870270e-02 
 8.93044823e+09  2.76948742e-02 
 9.13855932e+09  2.85099255e-02 
 9.35152014e+09  2.87667099e-02 
 9.56944371e+09  2.88762162e-02 
 9.79244566e+09  2.89274090e-02 
 1.00206443e+10  2.89501174e-02 
 1.02541609e+10  2.89570186e-02 
 1.04931192e+10  2.89543805e-02 
 1.07376460e+10  2.89456441e-02 
 1.09878712e+10  2.89328457e-02 
 1.12439276e+10  2.89172544e-02 
 1.15059509e+10  2.88996848e-02 
 1.17740804e+10  2.88806577e-02 
 1.20484582e+10  2.88604801e-02 
 1.23292299e+10  2.88392719e-02 
 1.26165447e+10  2.88169390e-02 
 1.29105549e+10  2.87930513e-02 
 1.32114166e+10  2.87664715e-02 
 1.35192894e+10  2.87340935e-02 
 1.38343368e+10  2.86848416e-02 
 1.41567259e+10  2.85370046e-02 
 1.44866277e+10  2.84080979e-02 
 1.48242175e+10  2.80101313e-02 
 1.51696743e+10  2.82638814e-02 
 1.55231815e+10  2.87132536e-02 
 1.58849266e+10  2.86947787e-02 
 1.62551017e+10  2.86745475e-02 
 1.66339032e+10  2.86560426e-02 
 1.70215321e+10  2.86389546e-02 
 1.74181941e+10  2.86229798e-02 
 1.78240998e+10  2.86079170e-02 
 1.82394645e+10  2.85936327e-02 
 1.86645086e+10  2.85800350e-02 
 1.90994578e+10  2.85670566e-02 
 1.95445429e+10  2.85546468e-02 
 2.00000000e+10  2.85427650e-02 
