 1.00000000e+08  1.93790642e-02 
 1.02330354e+08  1.93443754e-02 
 1.04715014e+08  1.92928621e-02 
 1.07155245e+08  1.92229715e-02 
 1.09652342e+08  1.91332202e-02 
 1.12207630e+08  1.90222438e-02 
 1.14822466e+08  1.88888503e-02 
 1.17498236e+08  1.87320745e-02 
 1.20236362e+08  1.85512336e-02 
 1.23038295e+08  1.83459769e-02 
 1.25905523e+08  1.81163285e-02 
 1.28839568e+08  1.78627188e-02 
 1.31841987e+08  1.75860012e-02 
 1.34914372e+08  1.72874524e-02 
 1.38058355e+08  1.69687549e-02 
 1.41275604e+08  1.66319620e-02 
 1.44567827e+08  1.62794473e-02 
 1.47936769e+08  1.59138415e-02 
 1.51384220e+08  1.55379602e-02 
 1.54912009e+08  1.51547282e-02 
 1.58522008e+08  1.47671032e-02 
 1.62216133e+08  1.43780040e-02 
 1.65996343e+08  1.39902467e-02 
 1.69864646e+08  1.36064901e-02 
 1.73823095e+08  1.32291926e-02 
 1.77873789e+08  1.28605815e-02 
 1.82018879e+08  1.25026315e-02 
 1.86260564e+08  1.21570556e-02 
 1.90601095e+08  1.18253029e-02 
 1.95042776e+08  1.15085642e-02 
 1.99587964e+08  1.12077832e-02 
 2.04239071e+08  1.09236709e-02 
 2.08998565e+08  1.06567237e-02 
 2.13868972e+08  1.04072420e-02 
 2.18852877e+08  1.01753505e-02 
 2.23952925e+08  9.96101760e-03 
 2.29171822e+08  9.76407556e-03 
 2.34512337e+08  9.58423976e-03 
 2.39977306e+08  9.42112816e-03 
 2.45569627e+08  9.27428153e-03 
 2.51292270e+08  9.14318669e-03 
 2.57148271e+08  9.02730735e-03 
 2.63140737e+08  8.92613413e-03 
 2.69272848e+08  8.83928226e-03 
 2.75547860e+08  8.76671478e-03 
 2.81969102e+08  8.70932545e-03 
 2.88539981e+08  8.67068483e-03 
 2.95263985e+08  8.66325286e-03 
 3.02144683e+08  8.73658139e-03 
 3.09185725e+08  9.16328211e-03 
 3.16390848e+08  1.22321474e-02 
 3.23763876e+08  1.25891996e-02 
 3.31308722e+08  1.00668551e-02 
 3.39029389e+08  9.46781434e-03 
 3.46929975e+08  9.28116298e-03 
 3.55014673e+08  9.23095706e-03 
 3.63287773e+08  9.25073615e-03 
 3.71753666e+08  9.32504672e-03 
 3.80416844e+08  9.46868832e-03 
 3.89281904e+08  9.77092735e-03 
 3.98353552e+08  1.08544384e-02 
 4.07636602e+08  1.13823535e-02 
 4.17135980e+08  1.02028291e-02 
 4.26856726e+08  1.12716675e-02 
 4.36804001e+08  1.08897275e-02 
 4.46983082e+08  1.18096644e-02 
 4.57399372e+08  1.12455004e-02 
 4.68058398e+08  1.18370349e-02 
 4.78965818e+08  1.39083169e-02 
 4.90127419e+08  1.05458059e-02 
 5.01549125e+08  1.03481839e-02 
 5.13236997e+08  9.78097610e-03 
 5.25197238e+08  1.03946425e-02 
 5.37436195e+08  1.15798347e-02 
 5.49960363e+08  1.14520916e-02 
 5.62776388e+08  1.34960874e-02 
 5.75891073e+08  1.46427172e-02 
 5.89311376e+08  1.50406253e-02 
 6.03044419e+08  1.15748971e-02 
 6.17097492e+08  7.40564273e-03 
 6.31478050e+08  8.76581675e-03 
 6.46193727e+08  1.03183318e-02 
 6.61252331e+08  1.11931377e-02 
 6.76661854e+08  1.31095891e-02 
 6.92430473e+08  1.15538601e-02 
 7.08566557e+08  1.15732594e-02 
 7.25078669e+08  1.23558415e-02 
 7.41975572e+08  1.35509990e-02 
 7.59266232e+08  1.66167833e-02 
 7.76959826e+08  1.42280458e-02 
 7.95065744e+08  1.22310359e-02 
 8.13593593e+08  1.34125872e-02 
 8.32553207e+08  1.30093057e-02 
 8.51954648e+08  1.21512396e-02 
 8.71808210e+08  1.09091851e-02 
 8.92124431e+08  1.30087430e-02 
 9.12914092e+08  1.20873266e-02 
 9.34188226e+08  1.27216664e-02 
 9.55958123e+08  1.41061560e-02 
 9.78235335e+08  1.48658128e-02 
 1.00103169e+09  1.46618271e-02 
 1.02435927e+09  1.68344918e-02 
 1.04823047e+09  1.69771165e-02 
 1.07265796e+09  1.60172451e-02 
 1.09765469e+09  2.04979454e-02 
 1.12323393e+09  1.44325771e-02 
 1.14940927e+09  1.72705540e-02 
 1.17619457e+09  1.57349931e-02 
 1.20360408e+09  1.60463574e-02 
 1.23165232e+09  1.47160033e-02 
 1.26035418e+09  1.33131249e-02 
 1.28972490e+09  1.43259505e-02 
 1.31978006e+09  1.46444002e-02 
 1.35053561e+09  1.54509011e-02 
 1.38200788e+09  1.78286888e-02 
 1.41421356e+09  1.53770632e-02 
 1.44716975e+09  1.48920187e-02 
 1.48089393e+09  1.60390812e-02 
 1.51540401e+09  1.73394046e-02 
 1.55071830e+09  1.89696236e-02 
 1.58685553e+09  1.91838031e-02 
 1.62383489e+09  1.70917209e-02 
 1.66167599e+09  2.01339536e-02 
 1.70039893e+09  2.00575197e-02 
 1.74002425e+09  1.95745615e-02 
 1.78057299e+09  2.48941940e-02 
 1.82206665e+09  2.07284362e-02 
 1.86452726e+09  2.40730281e-02 
 1.90797735e+09  1.87347494e-02 
 1.95243999e+09  1.80344350e-02 
 1.99793876e+09  2.01350717e-02 
 2.04449781e+09  2.17973321e-02 
 2.09214185e+09  2.22209131e-02 
 2.14089617e+09  2.42409886e-02 
 2.19078664e+09  2.53899826e-02 
 2.24183974e+09  2.63354285e-02 
 2.29408255e+09  2.68961877e-02 
 2.34754280e+09  2.56940076e-02 
 2.40224887e+09  1.92964242e-02 
 2.45822978e+09  2.13023016e-02 
 2.51551525e+09  2.42455396e-02 
 2.57413567e+09  2.56571718e-02 
 2.63412215e+09  2.64261998e-02 
 2.69550653e+09  2.68976600e-02 
 2.75832139e+09  2.72092763e-02 
 2.82260005e+09  2.74243359e-02 
 2.88837664e+09  2.75735364e-02 
 2.95568605e+09  2.76691286e-02 
 3.02456401e+09  2.77081173e-02 
 3.09504707e+09  2.76664766e-02 
 3.16717263e+09  2.74738584e-02 
 3.24097898e+09  2.69195108e-02 
 3.31650528e+09  2.53575715e-02 
 3.39379160e+09  2.43894813e-02 
 3.47287898e+09  2.76454673e-02 
 3.55380937e+09  2.89708267e-02 
 3.63662572e+09  2.92738833e-02 
 3.72137199e+09  2.93776573e-02 
 3.80809314e+09  2.94241164e-02 
 3.89683521e+09  2.94464721e-02 
 3.98764528e+09  2.94543005e-02 
 4.08057155e+09  2.94508250e-02 
 4.17566333e+09  2.94372382e-02 
 4.27297108e+09  2.94149336e-02 
 4.37254645e+09  2.93836912e-02 
 4.47444228e+09  2.93445304e-02 
 4.57871264e+09  2.92980773e-02 
 4.68541287e+09  2.92450165e-02 
 4.79459960e+09  2.91860540e-02 
 4.90633076e+09  2.91218967e-02 
 5.02066566e+09  2.90532339e-02 
 5.13766496e+09  2.89807175e-02 
 5.25739076e+09  2.89049380e-02 
 5.37990660e+09  2.88263827e-02 
 5.50527749e+09  2.87453293e-02 
 5.63356997e+09  2.86614568e-02 
 5.76485211e+09  2.85714186e-02 
 5.89919360e+09  2.83617299e-02 
 6.03666571e+09  2.84469823e-02 
 6.17734142e+09  2.83525136e-02 
 6.32129537e+09  2.82668116e-02 
 6.46860395e+09  2.81832393e-02 
 6.61934535e+09  2.80997176e-02 
 6.77359956e+09  2.80100401e-02 
 6.93144843e+09  2.78007495e-02 
 7.09297575e+09  2.77492656e-02 
 7.25826722e+09  2.77755770e-02 
 7.42741057e+09  2.77127592e-02 
 7.60049556e+09  2.76416086e-02 
 7.77761404e+09  2.75686556e-02 
 7.95886001e+09  2.75536839e-02 
 8.14432966e+09  2.74364343e-02 
 8.33412140e+09  2.73324356e-02 
 8.52833597e+09  2.73105430e-02 
 8.72707642e+09  2.71122752e-02 
 8.93044823e+09  2.73101280e-02 
 9.13855932e+09  2.72374506e-02 
 9.35152014e+09  2.71748180e-02 
 9.56944371e+09  2.71183791e-02 
 9.79244566e+09  2.70659925e-02 
 1.00206443e+10  2.70166443e-02 
 1.02541609e+10  2.69697903e-02 
 1.04931192e+10  2.69250981e-02 
 1.07376460e+10  2.68823393e-02 
 1.09878712e+10  2.68413383e-02 
 1.12439276e+10  2.68019449e-02 
 1.15059509e+10  2.67640165e-02 
 1.17740804e+10  2.67274031e-02 
 1.20484582e+10  2.66919291e-02 
 1.23292299e+10  2.66573636e-02 
 1.26165447e+10  2.66233642e-02 
 1.29105549e+10  2.65893483e-02 
 1.32114166e+10  2.65541528e-02 
 1.35192894e+10  2.65149044e-02 
 1.38343368e+10  2.64616332e-02 
 1.41567259e+10  2.63202101e-02 
 1.44866277e+10  2.62094437e-02 
 1.48242175e+10  2.63164613e-02 
 1.51696743e+10  2.62692654e-02 
 1.55231815e+10  2.64574208e-02 
 1.58849266e+10  2.64274918e-02 
 1.62551017e+10  2.64025344e-02 
 1.66339032e+10  2.63804317e-02 
 1.70215321e+10  2.63602331e-02 
 1.74181941e+10  2.63414742e-02 
 1.78240998e+10  2.63238913e-02 
 1.82394645e+10  2.63073168e-02 
 1.86645086e+10  2.62916349e-02 
 1.90994578e+10  2.62767600e-02 
 1.95445429e+10  2.62626251e-02 
 2.00000000e+10  2.62491757e-02 
