 1.00000000e+08  1.93525270e-02 
 1.02330354e+08  1.93150172e-02 
 1.04715014e+08  1.92605247e-02 
 1.07155245e+08  1.91874974e-02 
 1.09652342e+08  1.90944550e-02 
 1.12207630e+08  1.89800385e-02 
 1.14822466e+08  1.88430631e-02 
 1.17498236e+08  1.86825744e-02 
 1.20236362e+08  1.84979021e-02 
 1.23038295e+08  1.82887110e-02 
 1.25905523e+08  1.80550435e-02 
 1.28839568e+08  1.77973501e-02 
 1.31841987e+08  1.75165069e-02 
 1.34914372e+08  1.72138149e-02 
 1.38058355e+08  1.68909822e-02 
 1.41275604e+08  1.65500890e-02 
 1.44567827e+08  1.61935365e-02 
 1.47936769e+08  1.58239835e-02 
 1.51384220e+08  1.54442739e-02 
 1.54912009e+08  1.50573609e-02 
 1.58522008e+08  1.46662304e-02 
 1.62216133e+08  1.42738297e-02 
 1.65996343e+08  1.38830032e-02 
 1.69864646e+08  1.34964386e-02 
 1.73823095e+08  1.31166239e-02 
 1.77873789e+08  1.27458165e-02 
 1.82018879e+08  1.23860230e-02 
 1.86260564e+08  1.20389897e-02 
 1.90601095e+08  1.17062019e-02 
 1.95042776e+08  1.13888893e-02 
 1.99587964e+08  1.10880388e-02 
 2.04239071e+08  1.08044103e-02 
 2.08998565e+08  1.05385561e-02 
 2.13868972e+08  1.02908429e-02 
 2.18852877e+08  1.00614751e-02 
 2.23952925e+08  9.85052075e-03 
 2.29171822e+08  9.65793991e-03 
 2.34512337e+08  9.48361688e-03 
 2.39977306e+08  9.32740016e-03 
 2.45569627e+08  9.18915515e-03 
 2.51292270e+08  9.06884136e-03 
 2.57148271e+08  8.96663628e-03 
 2.63140737e+08  8.88315388e-03 
 2.69272848e+08  8.81986636e-03 
 2.75547860e+08  8.77999730e-03 
 2.81969102e+08  8.77062106e-03 
 2.88539981e+08  8.80826202e-03 
 2.95263985e+08  8.93649886e-03 
 3.02144683e+08  9.29544888e-03 
 3.09185725e+08  1.05015006e-02 
 3.16390848e+08  1.62598797e-02 
 3.23763876e+08  1.50638059e-02 
 3.31308722e+08  1.04803411e-02 
 3.39029389e+08  9.59230973e-03 
 3.46929975e+08  9.24553222e-03 
 3.55014673e+08  9.13638091e-03 
 3.63287773e+08  9.13196593e-03 
 3.71753666e+08  9.19779577e-03 
 3.80416844e+08  9.34413359e-03 
 3.89281904e+08  9.66644720e-03 
 3.98353552e+08  1.08172902e-02 
 4.07636602e+08  1.11902491e-02 
 4.17135980e+08  1.01533723e-02 
 4.26856726e+08  1.26006308e-02 
 4.36804001e+08  1.03131059e-02 
 4.46983082e+08  9.75904215e-03 
 4.57399372e+08  1.01442045e-02 
 4.68058398e+08  1.08790553e-02 
 4.78965818e+08  1.19893336e-02 
 4.90127419e+08  1.06436791e-02 
 5.01549125e+08  1.11672410e-02 
 5.13236997e+08  1.08310247e-02 
 5.25197238e+08  1.13921221e-02 
 5.37436195e+08  1.28766835e-02 
 5.49960363e+08  1.26954868e-02 
 5.62776388e+08  1.59341045e-02 
 5.75891073e+08  1.72534739e-02 
 5.89311376e+08  1.44051611e-02 
 6.03044419e+08  1.20853557e-02 
 6.17097492e+08  7.11183568e-03 
 6.31478050e+08  8.82349222e-03 
 6.46193727e+08  1.01898975e-02 
 6.61252331e+08  1.18903748e-02 
 6.76661854e+08  2.02116687e-02 
 6.92430473e+08  1.02182414e-02 
 7.08566557e+08  1.14219711e-02 
 7.25078669e+08  1.17098371e-02 
 7.41975572e+08  1.25491417e-02 
 7.59266232e+08  1.43962597e-02 
 7.76959826e+08  1.60706830e-02 
 7.95065744e+08  1.92465312e-02 
 8.13593593e+08  9.05968744e-03 
 8.32553207e+08  1.03842473e-02 
 8.51954648e+08  1.18306440e-02 
 8.71808210e+08  1.36852342e-02 
 8.92124431e+08  1.47614982e-02 
 9.12914092e+08  1.29026459e-02 
 9.34188226e+08  1.39050241e-02 
 9.55958123e+08  1.48140481e-02 
 9.78235335e+08  1.78958406e-02 
 1.00103169e+09  1.19459558e-02 
 1.02435927e+09  1.58464156e-02 
 1.04823047e+09  1.72028197e-02 
 1.07265796e+09  1.40759084e-02 
 1.09765469e+09  1.48070258e-02 
 1.12323393e+09  1.55860467e-02 
 1.14940927e+09  1.59359329e-02 
 1.17619457e+09  1.47923419e-02 
 1.20360408e+09  1.45456183e-02 
 1.23165232e+09  1.41665906e-02 
 1.26035418e+09  1.55228893e-02 
 1.28972490e+09  1.82465866e-02 
 1.31978006e+09  2.11289048e-02 
 1.35053561e+09  1.57210843e-02 
 1.38200788e+09  1.54582349e-02 
 1.41421356e+09  1.58021950e-02 
 1.44716975e+09  1.69336601e-02 
 1.48089393e+09  1.87419642e-02 
 1.51540401e+09  2.12295644e-02 
 1.55071830e+09  2.54168110e-02 
 1.58685553e+09  2.87962481e-02 
 1.62383489e+09  1.52655186e-02 
 1.66167599e+09  1.61370591e-02 
 1.70039893e+09  1.78958554e-02 
 1.74002425e+09  1.55701406e-02 
 1.78057299e+09  1.77201485e-02 
 1.82206665e+09  1.87130975e-02 
 1.86452726e+09  2.09084890e-02 
 1.90797735e+09  1.77207757e-02 
 1.95243999e+09  1.98913491e-02 
 1.99793876e+09  2.13567324e-02 
 2.04449781e+09  2.25634615e-02 
 2.09214185e+09  2.22939794e-02 
 2.14089617e+09  2.44496673e-02 
 2.19078664e+09  2.51637140e-02 
 2.24183974e+09  2.55840489e-02 
 2.29408255e+09  2.54454511e-02 
 2.34754280e+09  2.36583018e-02 
 2.40224887e+09  2.08389859e-02 
 2.45822978e+09  2.44612453e-02 
 2.51551525e+09  2.62085992e-02 
 2.57413567e+09  2.67699275e-02 
 2.63412215e+09  2.69380942e-02 
 2.69550653e+09  2.69397374e-02 
 2.75832139e+09  2.68560228e-02 
 2.82260005e+09  2.67221765e-02 
 2.88837664e+09  2.65535774e-02 
 2.95568605e+09  2.63531014e-02 
 3.02456401e+09  2.61110911e-02 
 3.09504707e+09  2.57977972e-02 
 3.16717263e+09  2.53374237e-02 
 3.24097898e+09  2.45202160e-02 
 3.31650528e+09  2.27991225e-02 
 3.39379160e+09  2.23323411e-02 
 3.47287898e+09  2.55321905e-02 
 3.55380937e+09  2.64724442e-02 
 3.63662572e+09  2.64895825e-02 
 3.72137199e+09  2.63708375e-02 
 3.80809314e+09  2.62295945e-02 
 3.89683521e+09  2.60865933e-02 
 3.98764528e+09  2.59454066e-02 
 4.08057155e+09  2.58060032e-02 
 4.17566333e+09  2.56676293e-02 
 4.27297108e+09  2.55302857e-02 
 4.37254645e+09  2.53929186e-02 
 4.47444228e+09  2.52557547e-02 
 4.57871264e+09  2.51188093e-02 
 4.68541287e+09  2.49822316e-02 
 4.79459960e+09  2.48462446e-02 
 4.90633076e+09  2.47111089e-02 
 5.02066566e+09  2.45770962e-02 
 5.13766496e+09  2.44444651e-02 
 5.25739076e+09  2.43134363e-02 
 5.37990660e+09  2.41841535e-02 
 5.50527749e+09  2.40565897e-02 
 5.63356997e+09  2.39302099e-02 
 5.76485211e+09  2.38018806e-02 
 5.89919360e+09  2.35766201e-02 
 6.03666571e+09  2.36029452e-02 
 6.17734142e+09  2.34793046e-02 
 6.32129537e+09  2.33659172e-02 
 6.46860395e+09  2.32567882e-02 
 6.61934535e+09  2.31504149e-02 
 6.77359956e+09  2.30449439e-02 
 6.93144843e+09  2.29296925e-02 
 7.09297575e+09  2.29390426e-02 
 7.25826722e+09  2.27715724e-02 
 7.42741057e+09  2.26654547e-02 
 7.60049556e+09  2.25420762e-02 
 7.77761404e+09  2.22094143e-02 
 7.95886001e+09  2.19758396e-02 
 8.14432966e+09  2.23190311e-02 
 8.33412140e+09  2.21699915e-02 
 8.52833597e+09  1.43180938e-02 
 8.72707642e+09  2.13227338e-02 
 8.93044823e+09  2.21448567e-02 
 9.13855932e+09  2.21031750e-02 
 9.35152014e+09  2.20443991e-02 
 9.56944371e+09  2.19861499e-02 
 9.79244566e+09  2.19302709e-02 
 1.00206443e+10  2.18769168e-02 
 1.02541609e+10  2.18259712e-02 
 1.04931192e+10  2.17772766e-02 
 1.07376460e+10  2.17306777e-02 
 1.09878712e+10  2.16860260e-02 
 1.12439276e+10  2.16431761e-02 
 1.15059509e+10  2.16019782e-02 
 1.17740804e+10  2.15622683e-02 
 1.20484582e+10  2.15238520e-02 
 1.23292299e+10  2.14864762e-02 
 1.26165447e+10  2.14497732e-02 
 1.29105549e+10  2.14131372e-02 
 1.32114166e+10  2.13754069e-02 
 1.35192894e+10  2.13338690e-02 
 1.38343368e+10  2.12798827e-02 
 1.41567259e+10  2.11587980e-02 
 1.44866277e+10  2.12115582e-02 
 1.48242175e+10  1.98895531e-02 
 1.51696743e+10  2.05782327e-02 
 1.55231815e+10  2.12625366e-02 
 1.58849266e+10  2.12424919e-02 
 1.62551017e+10  2.12173506e-02 
 1.66339032e+10  2.11940985e-02 
 1.70215321e+10  2.11726553e-02 
 1.74181941e+10  2.11527105e-02 
 1.78240998e+10  2.11340284e-02 
 1.82394645e+10  2.11164411e-02 
 1.86645086e+10  2.10998259e-02 
 1.90994578e+10  2.10840894e-02 
 1.95445429e+10  2.10691574e-02 
 2.00000000e+10  2.10549692e-02 
