 1.00000000e+08  1.88936558e-02 
 1.02330354e+08  1.89022913e-02 
 1.04715014e+08  1.88966294e-02 
 1.07155245e+08  1.88750140e-02 
 1.09652342e+08  1.88357792e-02 
 1.12207630e+08  1.87772876e-02 
 1.14822466e+08  1.86979769e-02 
 1.17498236e+08  1.85964121e-02 
 1.20236362e+08  1.84713428e-02 
 1.23038295e+08  1.83217629e-02 
 1.25905523e+08  1.81469694e-02 
 1.28839568e+08  1.79466174e-02 
 1.31841987e+08  1.77207668e-02 
 1.34914372e+08  1.74699170e-02 
 1.38058355e+08  1.71950260e-02 
 1.41275604e+08  1.68975121e-02 
 1.44567827e+08  1.65792357e-02 
 1.47936769e+08  1.62424628e-02 
 1.51384220e+08  1.58898111e-02 
 1.54912009e+08  1.55241827e-02 
 1.58522008e+08  1.51486865e-02 
 1.62216133e+08  1.47665565e-02 
 1.65996343e+08  1.43810702e-02 
 1.69864646e+08  1.39954705e-02 
 1.73823095e+08  1.36128968e-02 
 1.77873789e+08  1.32363257e-02 
 1.82018879e+08  1.28685241e-02 
 1.86260564e+08  1.25120142e-02 
 1.90601095e+08  1.21690511e-02 
 1.95042776e+08  1.18416102e-02 
 1.99587964e+08  1.15313852e-02 
 2.04239071e+08  1.12397936e-02 
 2.08998565e+08  1.09679888e-02 
 2.13868972e+08  1.07168787e-02 
 2.18852877e+08  1.04871488e-02 
 2.23952925e+08  1.02792906e-02 
 2.29171822e+08  1.00936360e-02 
 2.34512337e+08  9.93039887e-03 
 2.39977306e+08  9.78972813e-03 
 2.45569627e+08  9.67177811e-03 
 2.51292270e+08  9.57680819e-03 
 2.57148271e+08  9.50533455e-03 
 2.63140737e+08  9.45837950e-03 
 2.69272848e+08  9.43791618e-03 
 2.75547860e+08  9.44773460e-03 
 2.81969102e+08  9.49530723e-03 
 2.88539981e+08  9.59634204e-03 
 2.95263985e+08  9.78796980e-03 
 3.02144683e+08  1.01789065e-02 
 3.09185725e+08  1.12575118e-02 
 3.16390848e+08  1.30387150e-02 
 3.23763876e+08  2.04872350e-02 
 3.31308722e+08  1.29696231e-02 
 3.39029389e+08  1.09209051e-02 
 3.46929975e+08  1.17940598e-02 
 3.55014673e+08  1.35615249e-02 
 3.63287773e+08  1.03781156e-02 
 3.71753666e+08  1.00057050e-02 
 3.80416844e+08  1.00287234e-02 
 3.89281904e+08  1.01509597e-02 
 3.98353552e+08  1.03238233e-02 
 4.07636602e+08  1.05448989e-02 
 4.17135980e+08  1.08418180e-02 
 4.26856726e+08  1.13379615e-02 
 4.36804001e+08  1.33678896e-02 
 4.46983082e+08  1.17962970e-02 
 4.57399372e+08  1.39614412e-02 
 4.68058398e+08  1.39698531e-02 
 4.78965818e+08  1.21008092e-02 
 4.90127419e+08  1.14866865e-02 
 5.01549125e+08  1.17247002e-02 
 5.13236997e+08  1.20603343e-02 
 5.25197238e+08  1.25035143e-02 
 5.37436195e+08  1.30270480e-02 
 5.49960363e+08  1.37256437e-02 
 5.62776388e+08  1.49138268e-02 
 5.75891073e+08  1.66029857e-02 
 5.89311376e+08  1.89099501e-02 
 6.03044419e+08  1.69609601e-02 
 6.17097492e+08  1.74235975e-02 
 6.31478050e+08  2.50283485e-02 
 6.46193727e+08  1.45707917e-02 
 6.61252331e+08  7.50336070e-03 
 6.76661854e+08  9.71100696e-03 
 6.92430473e+08  1.16643061e-02 
 7.08566557e+08  1.86002460e-02 
 7.25078669e+08  1.89334693e-02 
 7.41975572e+08  1.67108435e-02 
 7.59266232e+08  2.07752303e-02 
 7.76959826e+08  1.69513121e-02 
 7.95065744e+08  1.10587616e-02 
 8.13593593e+08  1.18987236e-02 
 8.32553207e+08  1.50627435e-02 
 8.51954648e+08  1.48017889e-02 
 8.71808210e+08  1.64791075e-02 
 8.92124431e+08  1.81994532e-02 
 9.12914092e+08  1.60219712e-02 
 9.34188226e+08  1.73207061e-02 
 9.55958123e+08  1.98689685e-02 
 9.78235335e+08  2.02865194e-02 
 1.00103169e+09  1.97958144e-02 
 1.02435927e+09  2.08968663e-02 
 1.04823047e+09  2.10979270e-02 
 1.07265796e+09  2.61677817e-02 
 1.09765469e+09  2.79329132e-02 
 1.12323393e+09  2.39156118e-02 
 1.14940927e+09  1.85857760e-02 
 1.17619457e+09  2.12473559e-02 
 1.20360408e+09  2.37405316e-02 
 1.23165232e+09  3.03523772e-02 
 1.26035418e+09  2.57010821e-02 
 1.28972490e+09  2.37609380e-02 
 1.31978006e+09  1.80992550e-02 
 1.35053561e+09  2.08010161e-02 
 1.38200788e+09  2.32855157e-02 
 1.41421356e+09  2.45546306e-02 
 1.44716975e+09  2.38358315e-02 
 1.48089393e+09  2.51049387e-02 
 1.51540401e+09  2.64730331e-02 
 1.55071830e+09  2.89105007e-02 
 1.58685553e+09  3.00234632e-02 
 1.62383489e+09  2.91710655e-02 
 1.66167599e+09  2.63234481e-02 
 1.70039893e+09  3.04504029e-02 
 1.74002425e+09  2.80554432e-02 
 1.78057299e+09  2.33770558e-02 
 1.82206665e+09  1.91659964e-02 
 1.86452726e+09  1.66389443e-02 
 1.90797735e+09  1.51081124e-02 
 1.95243999e+09  1.91298664e-02 
 1.99793876e+09  1.95774100e-02 
 2.04449781e+09  2.13769882e-02 
 2.09214185e+09  1.80282648e-02 
 2.14089617e+09  1.71511847e-02 
 2.19078664e+09  1.66359762e-02 
 2.24183974e+09  1.63466726e-02 
 2.29408255e+09  1.62157900e-02 
 2.34754280e+09  1.61742433e-02 
 2.40224887e+09  1.62421773e-02 
 2.45822978e+09  1.68224964e-02 
 2.51551525e+09  1.72932197e-02 
 2.57413567e+09  1.75475073e-02 
 2.63412215e+09  1.77408346e-02 
 2.69550653e+09  1.78485849e-02 
 2.75832139e+09  1.78529741e-02 
 2.82260005e+09  1.77548729e-02 
 2.88837664e+09  1.75743985e-02 
 2.95568605e+09  1.73473974e-02 
 3.02456401e+09  1.71179604e-02 
 3.09504707e+09  1.69282030e-02 
 3.16717263e+09  1.68079686e-02 
 3.24097898e+09  1.67638487e-02 
 3.31650528e+09  1.67356894e-02 
 3.39379160e+09  1.69916176e-02 
 3.47287898e+09  1.74015803e-02 
 3.55380937e+09  1.76482778e-02 
 3.63662572e+09  1.79691468e-02 
 3.72137199e+09  1.83451059e-02 
 3.80809314e+09  1.87798735e-02 
 3.89683521e+09  1.92868775e-02 
 3.98764528e+09  1.98879220e-02 
 4.08057155e+09  2.06143265e-02 
 4.17566333e+09  2.15073880e-02 
 4.27297108e+09  2.26102061e-02 
 4.37254645e+09  2.39266598e-02 
 4.47444228e+09  2.52978815e-02 
 4.57871264e+09  2.62259620e-02 
 4.68541287e+09  2.60871642e-02 
 4.79459960e+09  2.48864054e-02 
 4.90633076e+09  2.30990518e-02 
 5.02066566e+09  2.09121171e-02 
 5.13766496e+09  1.84875204e-02 
 5.25739076e+09  1.64391241e-02 
 5.37990660e+09  1.53373845e-02 
 5.50527749e+09  1.51314124e-02 
 5.63356997e+09  1.54468981e-02 
 5.76485211e+09  1.59867129e-02 
 5.89919360e+09  1.65990576e-02 
 6.03666571e+09  1.72203404e-02 
 6.17734142e+09  1.78274696e-02 
 6.32129537e+09  1.84141305e-02 
 6.46860395e+09  1.89807449e-02 
 6.61934535e+09  1.95301829e-02 
 6.77359956e+09  2.00659332e-02 
 6.93144843e+09  2.05907394e-02 
 7.09297575e+09  2.11063104e-02 
 7.25826722e+09  2.16139042e-02 
 7.42741057e+09  2.21144202e-02 
 7.60049556e+09  2.26079094e-02 
 7.77761404e+09  2.30894227e-02 
 7.95886001e+09  2.35956443e-02 
 8.14432966e+09  2.40804277e-02 
 8.33412140e+09  2.45561190e-02 
 8.52833597e+09  2.49539720e-02 
 8.72707642e+09  2.54999148e-02 
 8.93044823e+09  2.59678293e-02 
 9.13855932e+09  2.64300094e-02 
 9.35152014e+09  2.68882301e-02 
 9.56944371e+09  2.73421238e-02 
 9.79244566e+09  2.77914194e-02 
 1.00206443e+10  2.82358603e-02 
 1.02541609e+10  2.86751926e-02 
 1.04931192e+10  2.91091644e-02 
 1.07376460e+10  2.95375285e-02 
 1.09878712e+10  2.99600447e-02 
 1.12439276e+10  3.03764827e-02 
 1.15059509e+10  3.07866256e-02 
 1.17740804e+10  3.11902720e-02 
 1.20484582e+10  3.15872400e-02 
 1.23292299e+10  3.19773716e-02 
 1.26165447e+10  3.23605388e-02 
 1.29105549e+10  3.27366546e-02 
 1.32114166e+10  3.31056932e-02 
 1.35192894e+10  3.34677317e-02 
 1.38343368e+10  3.38230497e-02 
 1.41567259e+10  3.41724025e-02 
 1.44866277e+10  3.45179669e-02 
 1.48242175e+10  3.48677084e-02 
 1.51696743e+10  3.46006607e-02 
 1.55231815e+10  3.53648074e-02 
 1.58849266e+10  3.57178828e-02 
 1.62551017e+10  3.60288946e-02 
 1.66339032e+10  3.63246276e-02 
 1.70215321e+10  3.66097154e-02 
 1.74181941e+10  3.68856320e-02 
 1.78240998e+10  3.71530216e-02 
 1.82394645e+10  3.74122385e-02 
 1.86645086e+10  3.76635174e-02 
 1.90994578e+10  3.79070395e-02 
 1.95445429e+10  3.81429607e-02 
 2.00000000e+10  3.83714255e-02 
