 1.00000000e+08  1.88337822e-02 
 1.02330354e+08  1.87697462e-02 
 1.04715014e+08  1.86884226e-02 
 1.07155245e+08  1.85885270e-02 
 1.09652342e+08  1.84688872e-02 
 1.12207630e+08  1.83284884e-02 
 1.14822466e+08  1.81665182e-02 
 1.17498236e+08  1.79824123e-02 
 1.20236362e+08  1.77758943e-02 
 1.23038295e+08  1.75470106e-02 
 1.25905523e+08  1.72961546e-02 
 1.28839568e+08  1.70240796e-02 
 1.31841987e+08  1.67318982e-02 
 1.34914372e+08  1.64210672e-02 
 1.38058355e+08  1.60933582e-02 
 1.41275604e+08  1.57508166e-02 
 1.44567827e+08  1.53957092e-02 
 1.47936769e+08  1.50304652e-02 
 1.51384220e+08  1.46576136e-02 
 1.54912009e+08  1.42797201e-02 
 1.58522008e+08  1.38993274e-02 
 1.62216133e+08  1.35189017e-02 
 1.65996343e+08  1.31407861e-02 
 1.69864646e+08  1.27671643e-02 
 1.73823095e+08  1.24000330e-02 
 1.77873789e+08  1.20411836e-02 
 1.82018879e+08  1.16921933e-02 
 1.86260564e+08  1.13544226e-02 
 1.90601095e+08  1.10290198e-02 
 1.95042776e+08  1.07169302e-02 
 1.99587964e+08  1.04189089e-02 
 2.04239071e+08  1.01355364e-02 
 2.08998565e+08  9.86723497e-03 
 2.13868972e+08  9.61428720e-03 
 2.18852877e+08  9.37685396e-03 
 2.23952925e+08  9.15499307e-03 
 2.29171822e+08  8.94867829e-03 
 2.34512337e+08  8.75781942e-03 
 2.39977306e+08  8.58228464e-03 
 2.45569627e+08  8.42192790e-03 
 2.51292270e+08  8.27662634e-03 
 2.57148271e+08  8.14633805e-03 
 2.63140737e+08  8.03120254e-03 
 2.69272848e+08  7.93173520e-03 
 2.75547860e+08  7.84924584e-03 
 2.81969102e+08  7.78684680e-03 
 2.88539981e+08  7.75223444e-03 
 2.95263985e+08  7.76686401e-03 
 3.02144683e+08  7.90506182e-03 
 3.09185725e+08  8.54380857e-03 
 3.16390848e+08  1.31330685e-02 
 3.23763876e+08  1.15800062e-02 
 3.31308722e+08  8.60365397e-03 
 3.39029389e+08  8.03920964e-03 
 3.46929975e+08  7.87228053e-03 
 3.55014673e+08  7.83709240e-03 
 3.63287773e+08  7.91819413e-03 
 3.71753666e+08  9.27615536e-03 
 3.80416844e+08  8.31192990e-03 
 3.89281904e+08  8.09722702e-03 
 3.98353552e+08  8.18978885e-03 
 4.07636602e+08  8.38178520e-03 
 4.17135980e+08  8.72879831e-03 
 4.26856726e+08  9.79146883e-03 
 4.36804001e+08  1.23582570e-02 
 4.46983082e+08  9.83198094e-03 
 4.57399372e+08  8.75289213e-03 
 4.68058398e+08  8.76632928e-03 
 4.78965818e+08  9.08015551e-03 
 4.90127419e+08  9.61810645e-03 
 5.01549125e+08  1.09391527e-02 
 5.13236997e+08  1.08249204e-02 
 5.25197238e+08  1.39021748e-02 
 5.37436195e+08  1.18129252e-02 
 5.49960363e+08  1.31083458e-02 
 5.62776388e+08  1.56913901e-02 
 5.75891073e+08  1.10158186e-02 
 5.89311376e+08  1.33451473e-02 
 6.03044419e+08  1.25575009e-02 
 6.17097492e+08  7.64902827e-03 
 6.31478050e+08  8.47702385e-03 
 6.46193727e+08  1.02721127e-02 
 6.61252331e+08  9.57019326e-03 
 6.76661854e+08  9.67989164e-03 
 6.92430473e+08  9.51041434e-03 
 7.08566557e+08  1.02537505e-02 
 7.25078669e+08  1.20582998e-02 
 7.41975572e+08  1.18171284e-02 
 7.59266232e+08  1.29025333e-02 
 7.76959826e+08  1.44207492e-02 
 7.95065744e+08  9.29226699e-03 
 8.13593593e+08  1.03834111e-02 
 8.32553207e+08  1.21547468e-02 
 8.51954648e+08  1.60978445e-02 
 8.71808210e+08  1.12207355e-02 
 8.92124431e+08  1.11809991e-02 
 9.12914092e+08  1.25663678e-02 
 9.34188226e+08  1.44012043e-02 
 9.55958123e+08  1.45348026e-02 
 9.78235335e+08  1.38728009e-02 
 1.00103169e+09  1.64583419e-02 
 1.02435927e+09  1.19876704e-02 
 1.04823047e+09  1.42246613e-02 
 1.07265796e+09  1.42552850e-02 
 1.09765469e+09  1.63373207e-02 
 1.12323393e+09  1.41744447e-02 
 1.14940927e+09  1.39660774e-02 
 1.17619457e+09  1.55127498e-02 
 1.20360408e+09  1.59468196e-02 
 1.23165232e+09  1.77940169e-02 
 1.26035418e+09  1.87677847e-02 
 1.28972490e+09  2.02676378e-02 
 1.31978006e+09  1.67363088e-02 
 1.35053561e+09  1.95907843e-02 
 1.38200788e+09  2.34126677e-02 
 1.41421356e+09  1.73437032e-02 
 1.44716975e+09  1.74074371e-02 
 1.48089393e+09  1.96842358e-02 
 1.51540401e+09  2.17226982e-02 
 1.55071830e+09  2.37614312e-02 
 1.58685553e+09  2.58300661e-02 
 1.62383489e+09  2.85986891e-02 
 1.66167599e+09  3.10209282e-02 
 1.70039893e+09  2.87905502e-02 
 1.74002425e+09  3.64279678e-02 
 1.78057299e+09  3.52071186e-02 
 1.82206665e+09  1.43996368e-02 
 1.86452726e+09  1.33649759e-02 
 1.90797735e+09  1.94791010e-02 
 1.95243999e+09  2.55755762e-02 
 1.99793876e+09  1.75506559e-02 
 2.04449781e+09  2.16154296e-02 
 2.09214185e+09  2.44175096e-02 
 2.14089617e+09  2.64999664e-02 
 2.19078664e+09  2.80787398e-02 
 2.24183974e+09  2.93087717e-02 
 2.29408255e+09  3.02621396e-02 
 2.34754280e+09  3.09819741e-02 
 2.40224887e+09  3.15009885e-02 
 2.45822978e+09  3.18481265e-02 
 2.51551525e+09  3.20505029e-02 
 2.57413567e+09  3.21333949e-02 
 2.63412215e+09  3.21195714e-02 
 2.69550653e+09  3.20285870e-02 
 2.75832139e+09  3.18762832e-02 
 2.82260005e+09  3.16744820e-02 
 2.88837664e+09  3.14306528e-02 
 2.95568605e+09  3.11470404e-02 
 3.02456401e+09  3.08179754e-02 
 3.09504707e+09  3.04215268e-02 
 3.16717263e+09  2.98940147e-02 
 3.24097898e+09  2.91837030e-02 
 3.31650528e+09  3.05406438e-02 
 3.39379160e+09  3.05368719e-02 
 3.47287898e+09  3.00185017e-02 
 3.55380937e+09  2.95876457e-02 
 3.63662572e+09  2.92084356e-02 
 3.72137199e+09  2.88575308e-02 
 3.80809314e+09  2.85243293e-02 
 3.89683521e+09  2.82038684e-02 
 3.98764528e+09  2.78937563e-02 
 4.08057155e+09  2.75928469e-02 
 4.17566333e+09  2.73006222e-02 
 4.27297108e+09  2.70168821e-02 
 4.37254645e+09  2.67415815e-02 
 4.47444228e+09  2.64747400e-02 
 4.57871264e+09  2.62163919e-02 
 4.68541287e+09  2.59665592e-02 
 4.79459960e+09  2.57252366e-02 
 4.90633076e+09  2.54923843e-02 
 5.02066566e+09  2.52679201e-02 
 5.13766496e+09  2.50517567e-02 
 5.25739076e+09  2.48436962e-02 
 5.37990660e+09  2.46435443e-02 
 5.50527749e+09  2.44509880e-02 
 5.63356997e+09  2.42654483e-02 
 5.76485211e+09  2.40850058e-02 
 5.89919360e+09  2.38676266e-02 
 6.03666571e+09  2.37771005e-02 
 6.17734142e+09  2.36080852e-02 
 6.32129537e+09  2.34563816e-02 
 6.46860395e+09  2.33109952e-02 
 6.61934535e+09  2.31684017e-02 
 6.77359956e+09  2.29942762e-02 
 6.93144843e+09  2.29491904e-02 
 7.09297575e+09  2.28147528e-02 
 7.25826722e+09  2.26954484e-02 
 7.42741057e+09  2.25817668e-02 
 7.60049556e+09  2.24661990e-02 
 7.77761404e+09  2.23940830e-02 
 7.95886001e+09  2.22821320e-02 
 8.14432966e+09  2.21787308e-02 
 8.33412140e+09  2.20568184e-02 
 8.52833597e+09  1.66515930e-02 
 8.72707642e+09  2.20071725e-02 
 8.93044823e+09  2.19067071e-02 
 9.13855932e+09  2.18266524e-02 
 9.35152014e+09  2.17536251e-02 
 9.56944371e+09  2.16852845e-02 
 9.79244566e+09  2.16207220e-02 
 1.00206443e+10  2.15594600e-02 
 1.02541609e+10  2.15011917e-02 
 1.04931192e+10  2.14456905e-02 
 1.07376460e+10  2.13927722e-02 
 1.09878712e+10  2.13422773e-02 
 1.12439276e+10  2.12940601e-02 
 1.15059509e+10  2.12479825e-02 
 1.17740804e+10  2.12039074e-02 
 1.20484582e+10  2.11616907e-02 
 1.23292299e+10  2.11211675e-02 
 1.26165447e+10  2.10821229e-02 
 1.29105549e+10  2.10442174e-02 
 1.32114166e+10  2.10067442e-02 
 1.35192894e+10  2.09674753e-02 
 1.38343368e+10  2.09096657e-02 
 1.41567259e+10  2.09413625e-02 
 1.44866277e+10  2.08951123e-02 
 1.48242175e+10  2.08424766e-02 
 1.51696743e+10  2.06659133e-02 
 1.55231815e+10  2.08380227e-02 
 1.58849266e+10  2.08078104e-02 
 1.62551017e+10  2.07818029e-02 
 1.66339032e+10  2.07581639e-02 
 1.70215321e+10  2.07361635e-02 
 1.74181941e+10  2.07154702e-02 
 1.78240998e+10  2.06959007e-02 
 1.82394645e+10  2.06773369e-02 
 1.86645086e+10  2.06596939e-02 
 1.90994578e+10  2.06429053e-02 
 1.95445429e+10  2.06269162e-02 
 2.00000000e+10  2.06116792e-02 
