0
0
200
200
0
200
0
200
200
400
600
200
0
0
200
600
200
600
0
200
200
200
200
200
200
400
200
400
400
400
200
400
600
400
0
200
400
600
400
200
0
200
0
0
200
400
200
400
400
200
0
0
200
400
200
200
0
800
200
0
400
0
400
0
0
400
200
200
800
200
400
200
400
0
200
200
0
200
400
0
200
200
400
400
200
200
600
0
400
600
200
0
200
400
200
600
200
200
600
200
400
600
0
400
400
0
400
0
50.00
0.00
0.00
0.00
200.00
0.00
150.00
0.00
100.00
50.00
0.00
100.00
50.00
100.00
100.00
50.00
100.00
0.00
150.00
0.00
0.00
200.00
50.00
100.00
100.00
50.00
50.00
50.00
100.00
100.00
0.00
50.00
100.00
150.00
0.00
0.00
